TITLE="Graphics"
VARIABLES= "r, cm", "T, K", "rho, g/cm3", "u, cm/s", "vel, cm/s", "Y_AR", "Y_HE", "Y_H", "Y_H2", "Y_O", "Y_O2", "Y_OH", "Y_H2O", "Y_N2", "Y_HO2", "Y_H2O2", "Y_CO", "Y_CO2", "Y_CH2O", "Y_HCO", "Y_CH3OH", "Y_CH2OH", "Y_CH3O", "Y_CH3O2", "Y_CH4", "Y_CH3", "Y_CH2", "Y_CH2(S)", "Y_C2H6", "Y_C2H5O2", "Y_C2H5", "Y_C2H4", "Y_C2H3", "Y_C2H2", "Y_CH2CHO", "Y_CH2CO", "Y_HCCO", "Y_NC3H7", "Y_C3H6", "Y_C3H5-A", "Y_C3H5O", "Y_C3H4-A", "Y_NC3H7O2", "Y_C2H3CHO", "Y_NC7H16", "Y_C7H15", "Y_C7H15O2", "Y_C7H14OOH", "Y_C7H14", "Y_C7H14OOHO2", "Y_NC7KET", "Y_C7H14O", "Y_NC3H7CHO", "Y_NC3H7CO"
0  293 0.00579296 -3.47794e-15 2.96281e-17 1e-19 1e-19 1e-19 1e-19 1e-19 0.232918 1e-19 1e-19 0.767082 1e-19 1e-19 1e-19 1e-19 1e-19 1e-19 1e-19 1e-19 1e-19 1e-19 1e-19 1e-19 1e-19 1e-19 1e-19 1e-19 1e-19 1e-19 1e-19 1e-19 1e-19 1e-19 1e-19 1e-19 1e-19 1e-19 1e-19 1e-19 1e-19 1e-19 0 1e-19 1e-19 1e-19 1e-19 1e-19 1e-19 1e-19 1e-19 1e-19
0.0007  293 0.00579296 -3.47794e-15 2.96281e-17 1e-19 1e-19 1e-19 1e-19 1e-19 0.232918 1e-19 1e-19 0.767082 1e-19 1e-19 1e-19 1e-19 1e-19 1e-19 1e-19 1e-19 1e-19 1e-19 1e-19 1e-19 1e-19 1e-19 1e-19 1e-19 1e-19 1e-19 1e-19 1e-19 1e-19 1e-19 1e-19 1e-19 1e-19 1e-19 1e-19 1e-19 1e-19 1e-19 0 1e-19 1e-19 1e-19 1e-19 1e-19 1e-19 1e-19 1e-19 1e-19
0.0014  293 0.00579296 -3.47794e-15 2.96281e-17 1e-19 1e-19 1e-19 1e-19 1e-19 0.232918 1e-19 1e-19 0.767082 1e-19 1e-19 1e-19 1e-19 1e-19 1e-19 1e-19 1e-19 1e-19 1e-19 1e-19 1e-19 1e-19 1e-19 1e-19 1e-19 1e-19 1e-19 1e-19 1e-19 1e-19 1e-19 1e-19 1e-19 1e-19 1e-19 1e-19 1e-19 1e-19 1e-19 0 1e-19 1e-19 1e-19 1e-19 1e-19 1e-19 1e-19 1e-19 1e-19
0.0021  293 0.00579296 -3.47794e-15 2.96281e-17 1e-19 1e-19 1e-19 1e-19 1e-19 0.232918 1e-19 1e-19 0.767082 1e-19 1e-19 1e-19 1e-19 1e-19 1e-19 1e-19 1e-19 1e-19 1e-19 1e-19 1e-19 1e-19 1e-19 1e-19 1e-19 1e-19 1e-19 1e-19 1e-19 1e-19 1e-19 1e-19 1e-19 1e-19 1e-19 1e-19 1e-19 1e-19 1e-19 0 1e-19 1e-19 1e-19 1e-19 1e-19 1e-19 1e-19 1e-19 1e-19
0.0028  293 0.00579296 -3.47794e-15 2.96281e-17 1e-19 1e-19 1e-19 1e-19 1e-19 0.232918 1e-19 1e-19 0.767082 1e-19 1e-19 1e-19 1e-19 1e-19 1e-19 1e-19 1e-19 1e-19 1e-19 1e-19 1e-19 1e-19 1e-19 1e-19 1e-19 1e-19 1e-19 1e-19 1e-19 1e-19 1e-19 1e-19 1e-19 1e-19 1e-19 1e-19 1e-19 1e-19 1e-19 0 1e-19 1e-19 1e-19 1e-19 1e-19 1e-19 1e-19 1e-19 1e-19
0.0035  293 0.00579296 -3.47794e-15 2.96281e-17 1e-19 1e-19 1e-19 1e-19 1e-19 0.232918 1e-19 1e-19 0.767082 1e-19 1e-19 1e-19 1e-19 1e-19 1e-19 1e-19 1e-19 1e-19 1e-19 1e-19 1e-19 1e-19 1e-19 1e-19 1e-19 1e-19 1e-19 1e-19 1e-19 1e-19 1e-19 1e-19 1e-19 1e-19 1e-19 1e-19 1e-19 1e-19 1e-19 0 1e-19 1e-19 1e-19 1e-19 1e-19 1e-19 1e-19 1e-19 1e-19
0.0042  293 0.00579296 -3.47794e-15 2.96281e-17 1e-19 1e-19 1e-19 1e-19 1e-19 0.232918 1e-19 1e-19 0.767082 1e-19 1e-19 1e-19 1e-19 1e-19 1e-19 1e-19 1e-19 1e-19 1e-19 1e-19 1e-19 1e-19 1e-19 1e-19 1e-19 1e-19 1e-19 1e-19 1e-19 1e-19 1e-19 1e-19 1e-19 1e-19 1e-19 1e-19 1e-19 1e-19 1e-19 0 1e-19 1e-19 1e-19 1e-19 1e-19 1e-19 1e-19 1e-19 1e-19
0.0049  293 0.00579296 -3.47794e-15 2.96281e-17 1e-19 1e-19 1e-19 1e-19 1e-19 0.232918 1e-19 1e-19 0.767082 1e-19 1e-19 1e-19 1e-19 1e-19 1e-19 1e-19 1e-19 1e-19 1e-19 1e-19 1e-19 1e-19 1e-19 1e-19 1e-19 1e-19 1e-19 1e-19 1e-19 1e-19 1e-19 1e-19 1e-19 1e-19 1e-19 1e-19 1e-19 1e-19 1e-19 0 1e-19 1e-19 1e-19 1e-19 1e-19 1e-19 1e-19 1e-19 1e-19
0.0056  293 0.00579296 -3.47794e-15 2.96281e-17 1e-19 1e-19 1e-19 1e-19 1e-19 0.232918 1e-19 1e-19 0.767082 1e-19 1e-19 1e-19 1e-19 1e-19 1e-19 1e-19 1e-19 1e-19 1e-19 1e-19 1e-19 1e-19 1e-19 1e-19 1e-19 1e-19 1e-19 1e-19 1e-19 1e-19 1e-19 1e-19 1e-19 1e-19 1e-19 1e-19 1e-19 1e-19 1e-19 0 1e-19 1e-19 1e-19 1e-19 1e-19 1e-19 1e-19 1e-19 1e-19
0.0063  293 0.00579296 -3.47794e-15 2.96281e-17 1e-19 1e-19 1e-19 1e-19 1e-19 0.232918 1e-19 1e-19 0.767082 1e-19 1e-19 1e-19 1e-19 1e-19 1e-19 1e-19 1e-19 1e-19 1e-19 1e-19 1e-19 1e-19 1e-19 1e-19 1e-19 1e-19 1e-19 1e-19 1e-19 1e-19 1e-19 1e-19 1e-19 1e-19 1e-19 1e-19 1e-19 1e-19 1e-19 0 1e-19 1e-19 1e-19 1e-19 1e-19 1e-19 1e-19 1e-19 1e-19
0.007  293 0.00579296 -3.47794e-15 2.96281e-17 1e-19 1e-19 1e-19 1e-19 1e-19 0.232918 1e-19 1e-19 0.767082 1e-19 1e-19 1e-19 1e-19 1e-19 1e-19 1e-19 1e-19 1e-19 1e-19 1e-19 1e-19 1e-19 1e-19 1e-19 1e-19 1e-19 1e-19 1e-19 1e-19 1e-19 1e-19 1e-19 1e-19 1e-19 1e-19 1e-19 1e-19 1e-19 1e-19 0 1e-19 1e-19 1e-19 1e-19 1e-19 1e-19 1e-19 1e-19 1e-19
0.0077  293 0.00579296 -3.47794e-15 2.96281e-17 1e-19 1e-19 1e-19 1e-19 1e-19 0.232918 1e-19 1e-19 0.767082 1e-19 1e-19 1e-19 1e-19 1e-19 1e-19 1e-19 1e-19 1e-19 1e-19 1e-19 1e-19 1e-19 1e-19 1e-19 1e-19 1e-19 1e-19 1e-19 1e-19 1e-19 1e-19 1e-19 1e-19 1e-19 1e-19 1e-19 1e-19 1e-19 1e-19 0 1e-19 1e-19 1e-19 1e-19 1e-19 1e-19 1e-19 1e-19 1e-19
0.0084  293 0.00579296 -3.47794e-15 2.96281e-17 1e-19 1e-19 1e-19 1e-19 1e-19 0.232918 1e-19 1e-19 0.767082 1e-19 1e-19 1e-19 1e-19 1e-19 1e-19 1e-19 1e-19 1e-19 1e-19 1e-19 1e-19 1e-19 1e-19 1e-19 1e-19 1e-19 1e-19 1e-19 1e-19 1e-19 1e-19 1e-19 1e-19 1e-19 1e-19 1e-19 1e-19 1e-19 1e-19 0 1e-19 1e-19 1e-19 1e-19 1e-19 1e-19 1e-19 1e-19 1e-19
0.0091  293 0.00579296 -3.47794e-15 2.96281e-17 1e-19 1e-19 1e-19 1e-19 1e-19 0.232918 1e-19 1e-19 0.767082 1e-19 1e-19 1e-19 1e-19 1e-19 1e-19 1e-19 1e-19 1e-19 1e-19 1e-19 1e-19 1e-19 1e-19 1e-19 1e-19 1e-19 1e-19 1e-19 1e-19 1e-19 1e-19 1e-19 1e-19 1e-19 1e-19 1e-19 1e-19 1e-19 1e-19 0 1e-19 1e-19 1e-19 1e-19 1e-19 1e-19 1e-19 1e-19 1e-19
0.0098  293 0.00579296 -3.47794e-15 2.96281e-17 1e-19 1e-19 1e-19 1e-19 1e-19 0.232918 1e-19 1e-19 0.767082 1e-19 1e-19 1e-19 1e-19 1e-19 1e-19 1e-19 1e-19 1e-19 1e-19 1e-19 1e-19 1e-19 1e-19 1e-19 1e-19 1e-19 1e-19 1e-19 1e-19 1e-19 1e-19 1e-19 1e-19 1e-19 1e-19 1e-19 1e-19 1e-19 1e-19 0 1e-19 1e-19 1e-19 1e-19 1e-19 1e-19 1e-19 1e-19 1e-19
0.0105  293 0.00579296 -3.47794e-15 2.96281e-17 1e-19 1e-19 1e-19 1e-19 1e-19 0.232918 1e-19 1e-19 0.767082 1e-19 1e-19 1e-19 1e-19 1e-19 1e-19 1e-19 1e-19 1e-19 1e-19 1e-19 1e-19 1e-19 1e-19 1e-19 1e-19 1e-19 1e-19 1e-19 1e-19 1e-19 1e-19 1e-19 1e-19 1e-19 1e-19 1e-19 1e-19 1e-19 1e-19 0 1e-19 1e-19 1e-19 1e-19 1e-19 1e-19 1e-19 1e-19 1e-19
0.0112  293 0.00579296 -3.47794e-15 2.96281e-17 1e-19 1e-19 1e-19 1e-19 1e-19 0.232918 1e-19 1e-19 0.767082 1e-19 1e-19 1e-19 1e-19 1e-19 1e-19 1e-19 1e-19 1e-19 1e-19 1e-19 1e-19 1e-19 1e-19 1e-19 1e-19 1e-19 1e-19 1e-19 1e-19 1e-19 1e-19 1e-19 1e-19 1e-19 1e-19 1e-19 1e-19 1e-19 1e-19 0 1e-19 1e-19 1e-19 1e-19 1e-19 1e-19 1e-19 1e-19 1e-19
0.0119  293 0.00579296 -3.47794e-15 2.96281e-17 1e-19 1e-19 1e-19 1e-19 1e-19 0.232918 1e-19 1e-19 0.767082 1e-19 1e-19 1e-19 1e-19 1e-19 1e-19 1e-19 1e-19 1e-19 1e-19 1e-19 1e-19 1e-19 1e-19 1e-19 1e-19 1e-19 1e-19 1e-19 1e-19 1e-19 1e-19 1e-19 1e-19 1e-19 1e-19 1e-19 1e-19 1e-19 1e-19 0 1e-19 1e-19 1e-19 1e-19 1e-19 1e-19 1e-19 1e-19 1e-19
0.0126  293 0.00579296 -3.47794e-15 2.96281e-17 1e-19 1e-19 1e-19 1e-19 1e-19 0.232918 1e-19 1e-19 0.767082 1e-19 1e-19 1e-19 1e-19 1e-19 1e-19 1e-19 1e-19 1e-19 1e-19 1e-19 1e-19 1e-19 1e-19 1e-19 1e-19 1e-19 1e-19 1e-19 1e-19 1e-19 1e-19 1e-19 1e-19 1e-19 1e-19 1e-19 1e-19 1e-19 1e-19 0 1e-19 1e-19 1e-19 1e-19 1e-19 1e-19 1e-19 1e-19 1e-19
0.0133  293 0.00579296 -3.47794e-15 2.96281e-17 1e-19 1e-19 1e-19 1e-19 1e-19 0.232918 1e-19 1e-19 0.767082 1e-19 1e-19 1e-19 1e-19 1e-19 1e-19 1e-19 1e-19 1e-19 1e-19 1e-19 1e-19 1e-19 1e-19 1e-19 1e-19 1e-19 1e-19 1e-19 1e-19 1e-19 1e-19 1e-19 1e-19 1e-19 1e-19 1e-19 1e-19 1e-19 1e-19 0 1e-19 1e-19 1e-19 1e-19 1e-19 1e-19 1e-19 1e-19 1e-19
0.014  293 0.00579296 -3.47794e-15 2.96281e-17 1e-19 1e-19 1e-19 1e-19 1e-19 0.232918 1e-19 1e-19 0.767082 1e-19 1e-19 1e-19 1e-19 1e-19 1e-19 1e-19 1e-19 1e-19 1e-19 1e-19 1e-19 1e-19 1e-19 1e-19 1e-19 1e-19 1e-19 1e-19 1e-19 1e-19 1e-19 1e-19 1e-19 1e-19 1e-19 1e-19 1e-19 1e-19 1e-19 0 1e-19 1e-19 1e-19 1e-19 1e-19 1e-19 1e-19 1e-19 1e-19
0.0147  293 0.00579296 -3.47794e-15 2.96281e-17 1e-19 1e-19 1e-19 1e-19 1e-19 0.232918 1e-19 1e-19 0.767082 1e-19 1e-19 1e-19 1e-19 1e-19 1e-19 1e-19 1e-19 1e-19 1e-19 1e-19 1e-19 1e-19 1e-19 1e-19 1e-19 1e-19 1e-19 1e-19 1e-19 1e-19 1e-19 1e-19 1e-19 1e-19 1e-19 1e-19 1e-19 1e-19 1e-19 0 1e-19 1e-19 1e-19 1e-19 1e-19 1e-19 1e-19 1e-19 1e-19
0.0154  293 0.00579296 -3.47794e-15 2.96281e-17 1e-19 1e-19 1e-19 1e-19 1e-19 0.232918 1e-19 1e-19 0.767082 1e-19 1e-19 1e-19 1e-19 1e-19 1e-19 1e-19 1e-19 1e-19 1e-19 1e-19 1e-19 1e-19 1e-19 1e-19 1e-19 1e-19 1e-19 1e-19 1e-19 1e-19 1e-19 1e-19 1e-19 1e-19 1e-19 1e-19 1e-19 1e-19 1e-19 0 1e-19 1e-19 1e-19 1e-19 1e-19 1e-19 1e-19 1e-19 1e-19
0.0161  293 0.00579296 -3.47794e-15 2.96281e-17 1e-19 1e-19 1e-19 1e-19 1e-19 0.232918 1e-19 1e-19 0.767082 1e-19 1e-19 1e-19 1e-19 1e-19 1e-19 1e-19 1e-19 1e-19 1e-19 1e-19 1e-19 1e-19 1e-19 1e-19 1e-19 1e-19 1e-19 1e-19 1e-19 1e-19 1e-19 1e-19 1e-19 1e-19 1e-19 1e-19 1e-19 1e-19 1e-19 0 1e-19 1e-19 1e-19 1e-19 1e-19 1e-19 1e-19 1e-19 1e-19
0.0168  293 0.00579296 -3.47794e-15 2.96281e-17 1e-19 1e-19 1e-19 1e-19 1e-19 0.232918 1e-19 1e-19 0.767082 1e-19 1e-19 1e-19 1e-19 1e-19 1e-19 1e-19 1e-19 1e-19 1e-19 1e-19 1e-19 1e-19 1e-19 1e-19 1e-19 1e-19 1e-19 1e-19 1e-19 1e-19 1e-19 1e-19 1e-19 1e-19 1e-19 1e-19 1e-19 1e-19 1e-19 0 1e-19 1e-19 1e-19 1e-19 1e-19 1e-19 1e-19 1e-19 1e-19
0.0175  293 0.00579296 -3.47794e-15 2.96281e-17 1e-19 1e-19 1e-19 1e-19 1e-19 0.232918 1e-19 1e-19 0.767082 1e-19 1e-19 1e-19 1e-19 1e-19 1e-19 1e-19 1e-19 1e-19 1e-19 1e-19 1e-19 1e-19 1e-19 1e-19 1e-19 1e-19 1e-19 1e-19 1e-19 1e-19 1e-19 1e-19 1e-19 1e-19 1e-19 1e-19 1e-19 1e-19 1e-19 0 1e-19 1e-19 1e-19 1e-19 1e-19 1e-19 1e-19 1e-19 1e-19
0.0182  293 0.00579296 -3.47794e-15 2.96281e-17 1e-19 1e-19 1e-19 1e-19 1e-19 0.232918 1e-19 1e-19 0.767082 1e-19 1e-19 1e-19 1e-19 1e-19 1e-19 1e-19 1e-19 1e-19 1e-19 1e-19 1e-19 1e-19 1e-19 1e-19 1e-19 1e-19 1e-19 1e-19 1e-19 1e-19 1e-19 1e-19 1e-19 1e-19 1e-19 1e-19 1e-19 1e-19 1e-19 0 1e-19 1e-19 1e-19 1e-19 1e-19 1e-19 1e-19 1e-19 1e-19
0.0189  293 0.00579296 -3.47794e-15 2.96281e-17 1e-19 1e-19 1e-19 1e-19 1e-19 0.232918 1e-19 1e-19 0.767082 1e-19 1e-19 1e-19 1e-19 1e-19 1e-19 1e-19 1e-19 1e-19 1e-19 1e-19 1e-19 1e-19 1e-19 1e-19 1e-19 1e-19 1e-19 1e-19 1e-19 1e-19 1e-19 1e-19 1e-19 1e-19 1e-19 1e-19 1e-19 1e-19 1e-19 0 1e-19 1e-19 1e-19 1e-19 1e-19 1e-19 1e-19 1e-19 1e-19
0.0196  293 0.00579296 -3.47794e-15 2.96281e-17 1e-19 1e-19 1e-19 1e-19 1e-19 0.232918 1e-19 1e-19 0.767082 1e-19 1e-19 1e-19 1e-19 1e-19 1e-19 1e-19 1e-19 1e-19 1e-19 1e-19 1e-19 1e-19 1e-19 1e-19 1e-19 1e-19 1e-19 1e-19 1e-19 1e-19 1e-19 1e-19 1e-19 1e-19 1e-19 1e-19 1e-19 1e-19 1e-19 0 1e-19 1e-19 1e-19 1e-19 1e-19 1e-19 1e-19 1e-19 1e-19
0.0203  293 0.00579296 -3.47794e-15 2.96281e-17 1e-19 1e-19 1e-19 1e-19 1e-19 0.232918 1e-19 1e-19 0.767082 1e-19 1e-19 1e-19 1e-19 1e-19 1e-19 1e-19 1e-19 1e-19 1e-19 1e-19 1e-19 1e-19 1e-19 1e-19 1e-19 1e-19 1e-19 1e-19 1e-19 1e-19 1e-19 1e-19 1e-19 1e-19 1e-19 1e-19 1e-19 1e-19 1e-19 0 1e-19 1e-19 1e-19 1e-19 1e-19 1e-19 1e-19 1e-19 1e-19
0.021  293 0.00579296 -3.47794e-15 2.96281e-17 1e-19 1e-19 1e-19 1e-19 1e-19 0.232918 1e-19 1e-19 0.767082 1e-19 1e-19 1e-19 1e-19 1e-19 1e-19 1e-19 1e-19 1e-19 1e-19 1e-19 1e-19 1e-19 1e-19 1e-19 1e-19 1e-19 1e-19 1e-19 1e-19 1e-19 1e-19 1e-19 1e-19 1e-19 1e-19 1e-19 1e-19 1e-19 1e-19 0 1e-19 1e-19 1e-19 1e-19 1e-19 1e-19 1e-19 1e-19 1e-19
0.0217  293 0.00579296 -3.47794e-15 2.96281e-17 1e-19 1e-19 1e-19 1e-19 1e-19 0.232918 1e-19 1e-19 0.767082 1e-19 1e-19 1e-19 1e-19 1e-19 1e-19 1e-19 1e-19 1e-19 1e-19 1e-19 1e-19 1e-19 1e-19 1e-19 1e-19 1e-19 1e-19 1e-19 1e-19 1e-19 1e-19 1e-19 1e-19 1e-19 1e-19 1e-19 1e-19 1e-19 1e-19 0 1e-19 1e-19 1e-19 1e-19 1e-19 1e-19 1e-19 1e-19 1e-19
0.0224  293 0.00579296 -3.47794e-15 2.96281e-17 1e-19 1e-19 1e-19 1e-19 1e-19 0.232918 1e-19 1e-19 0.767082 1e-19 1e-19 1e-19 1e-19 1e-19 1e-19 1e-19 1e-19 1e-19 1e-19 1e-19 1e-19 1e-19 1e-19 1e-19 1e-19 1e-19 1e-19 1e-19 1e-19 1e-19 1e-19 1e-19 1e-19 1e-19 1e-19 1e-19 1e-19 1e-19 1e-19 0 1e-19 1e-19 1e-19 1e-19 1e-19 1e-19 1e-19 1e-19 1e-19
0.0231  293 0.00579296 -3.47794e-15 2.96281e-17 1e-19 1e-19 1e-19 1e-19 1e-19 0.232918 1e-19 1e-19 0.767082 1e-19 1e-19 1e-19 1e-19 1e-19 1e-19 1e-19 1e-19 1e-19 1e-19 1e-19 1e-19 1e-19 1e-19 1e-19 1e-19 1e-19 1e-19 1e-19 1e-19 1e-19 1e-19 1e-19 1e-19 1e-19 1e-19 1e-19 1e-19 1e-19 1e-19 0 1e-19 1e-19 1e-19 1e-19 1e-19 1e-19 1e-19 1e-19 1e-19
0.0238  293 0.00579296 -3.47794e-15 2.96281e-17 1e-19 1e-19 1e-19 1e-19 1e-19 0.232918 1e-19 1e-19 0.767082 1e-19 1e-19 1e-19 1e-19 1e-19 1e-19 1e-19 1e-19 1e-19 1e-19 1e-19 1e-19 1e-19 1e-19 1e-19 1e-19 1e-19 1e-19 1e-19 1e-19 1e-19 1e-19 1e-19 1e-19 1e-19 1e-19 1e-19 1e-19 1e-19 1e-19 0 1e-19 1e-19 1e-19 1e-19 1e-19 1e-19 1e-19 1e-19 1e-19
0.0245  293 0.00579296 -3.47794e-15 2.96281e-17 1e-19 1e-19 1e-19 1e-19 1e-19 0.232918 1e-19 1e-19 0.767082 1e-19 1e-19 1e-19 1e-19 1e-19 1e-19 1e-19 1e-19 1e-19 1e-19 1e-19 1e-19 1e-19 1e-19 1e-19 1e-19 1e-19 1e-19 1e-19 1e-19 1e-19 1e-19 1e-19 1e-19 1e-19 1e-19 1e-19 1e-19 1e-19 1e-19 0 1e-19 1e-19 1e-19 1e-19 1e-19 1e-19 1e-19 1e-19 1e-19
0.0252  293 0.00579296 -3.47794e-15 2.96281e-17 1e-19 1e-19 1e-19 1e-19 1e-19 0.232918 1e-19 1e-19 0.767082 1e-19 1e-19 1e-19 1e-19 1e-19 1e-19 1e-19 1e-19 1e-19 1e-19 1e-19 1e-19 1e-19 1e-19 1e-19 1e-19 1e-19 1e-19 1e-19 1e-19 1e-19 1e-19 1e-19 1e-19 1e-19 1e-19 1e-19 1e-19 1e-19 1e-19 0 1e-19 1e-19 1e-19 1e-19 1e-19 1e-19 1e-19 1e-19 1e-19
0.0259  293 0.00579296 -3.47794e-15 2.96281e-17 1e-19 1e-19 1e-19 1e-19 1e-19 0.232918 1e-19 1e-19 0.767082 1e-19 1e-19 1e-19 1e-19 1e-19 1e-19 1e-19 1e-19 1e-19 1e-19 1e-19 1e-19 1e-19 1e-19 1e-19 1e-19 1e-19 1e-19 1e-19 1e-19 1e-19 1e-19 1e-19 1e-19 1e-19 1e-19 1e-19 1e-19 1e-19 1e-19 0 1e-19 1e-19 1e-19 1e-19 1e-19 1e-19 1e-19 1e-19 1e-19
0.0266  293 0.00579296 -3.47794e-15 2.96281e-17 1e-19 1e-19 1e-19 1e-19 1e-19 0.232918 1e-19 1e-19 0.767082 1e-19 1e-19 1e-19 1e-19 1e-19 1e-19 1e-19 1e-19 1e-19 1e-19 1e-19 1e-19 1e-19 1e-19 1e-19 1e-19 1e-19 1e-19 1e-19 1e-19 1e-19 1e-19 1e-19 1e-19 1e-19 1e-19 1e-19 1e-19 1e-19 1e-19 0 1e-19 1e-19 1e-19 1e-19 1e-19 1e-19 1e-19 1e-19 1e-19
0.0273  293 0.00579296 -3.47794e-15 2.96281e-17 1e-19 1e-19 1e-19 1e-19 1e-19 0.232918 1e-19 1e-19 0.767082 1e-19 1e-19 1e-19 1e-19 1e-19 1e-19 1e-19 1e-19 1e-19 1e-19 1e-19 1e-19 1e-19 1e-19 1e-19 1e-19 1e-19 1e-19 1e-19 1e-19 1e-19 1e-19 1e-19 1e-19 1e-19 1e-19 1e-19 1e-19 1e-19 1e-19 0 1e-19 1e-19 1e-19 1e-19 1e-19 1e-19 1e-19 1e-19 1e-19
0.028  293 0.00579296 -3.47794e-15 2.96281e-17 1e-19 1e-19 1e-19 1e-19 1e-19 0.232918 1e-19 1e-19 0.767082 1e-19 1e-19 1e-19 1e-19 1e-19 1e-19 1e-19 1e-19 1e-19 1e-19 1e-19 1e-19 1e-19 1e-19 1e-19 1e-19 1e-19 1e-19 1e-19 1e-19 1e-19 1e-19 1e-19 1e-19 1e-19 1e-19 1e-19 1e-19 1e-19 1e-19 0 1e-19 1e-19 1e-19 1e-19 1e-19 1e-19 1e-19 1e-19 1e-19
0.0287  293 0.00579296 -3.47794e-15 2.96281e-17 1e-19 1e-19 1e-19 1e-19 1e-19 0.232918 1e-19 1e-19 0.767082 1e-19 1e-19 1e-19 1e-19 1e-19 1e-19 1e-19 1e-19 1e-19 1e-19 1e-19 1e-19 1e-19 1e-19 1e-19 1e-19 1e-19 1e-19 1e-19 1e-19 1e-19 1e-19 1e-19 1e-19 1e-19 1e-19 1e-19 1e-19 1e-19 1e-19 0 1e-19 1e-19 1e-19 1e-19 1e-19 1e-19 1e-19 1e-19 1e-19
0.0294  293 0.00579296 -3.47794e-15 2.96281e-17 1e-19 1e-19 1e-19 1e-19 1e-19 0.232918 1e-19 1e-19 0.767082 1e-19 1e-19 1e-19 1e-19 1e-19 1e-19 1e-19 1e-19 1e-19 1e-19 1e-19 1e-19 1e-19 1e-19 1e-19 1e-19 1e-19 1e-19 1e-19 1e-19 1e-19 1e-19 1e-19 1e-19 1e-19 1e-19 1e-19 1e-19 1e-19 1e-19 0 1e-19 1e-19 1e-19 1e-19 1e-19 1e-19 1e-19 1e-19 1e-19
0.0301  293 0.00579296 -3.47794e-15 2.96281e-17 1e-19 1e-19 1e-19 1e-19 1e-19 0.232918 1e-19 1e-19 0.767082 1e-19 1e-19 1e-19 1e-19 1e-19 1e-19 1e-19 1e-19 1e-19 1e-19 1e-19 1e-19 1e-19 1e-19 1e-19 1e-19 1e-19 1e-19 1e-19 1e-19 1e-19 1e-19 1e-19 1e-19 1e-19 1e-19 1e-19 1e-19 1e-19 1e-19 0 1e-19 1e-19 1e-19 1e-19 1e-19 1e-19 1e-19 1e-19 1e-19
0.0308  293 0.00579296 -3.47794e-15 2.96281e-17 1e-19 1e-19 1e-19 1e-19 1e-19 0.232918 1e-19 1e-19 0.767082 1e-19 1e-19 1e-19 1e-19 1e-19 1e-19 1e-19 1e-19 1e-19 1e-19 1e-19 1e-19 1e-19 1e-19 1e-19 1e-19 1e-19 1e-19 1e-19 1e-19 1e-19 1e-19 1e-19 1e-19 1e-19 1e-19 1e-19 1e-19 1e-19 1e-19 0 1e-19 1e-19 1e-19 1e-19 1e-19 1e-19 1e-19 1e-19 1e-19
0.0315  293 0.00579296 -3.47794e-15 2.96281e-17 1e-19 1e-19 1e-19 1e-19 1e-19 0.232918 1e-19 1e-19 0.767082 1e-19 1e-19 1e-19 1e-19 1e-19 1e-19 1e-19 1e-19 1e-19 1e-19 1e-19 1e-19 1e-19 1e-19 1e-19 1e-19 1e-19 1e-19 1e-19 1e-19 1e-19 1e-19 1e-19 1e-19 1e-19 1e-19 1e-19 1e-19 1e-19 1e-19 0 1e-19 1e-19 1e-19 1e-19 1e-19 1e-19 1e-19 1e-19 1e-19
0.0322  293 0.00579296 -3.47794e-15 2.96281e-17 1e-19 1e-19 1e-19 1e-19 1e-19 0.232918 1e-19 1e-19 0.767082 1e-19 1e-19 1e-19 1e-19 1e-19 1e-19 1e-19 1e-19 1e-19 1e-19 1e-19 1e-19 1e-19 1e-19 1e-19 1e-19 1e-19 1e-19 1e-19 1e-19 1e-19 1e-19 1e-19 1e-19 1e-19 1e-19 1e-19 1e-19 1e-19 1e-19 0 1e-19 1e-19 1e-19 1e-19 1e-19 1e-19 1e-19 1e-19 1e-19
0.0329  293 0.00579296 -3.47794e-15 2.96281e-17 1e-19 1e-19 1e-19 1e-19 1e-19 0.232918 1e-19 1e-19 0.767082 1e-19 1e-19 1e-19 1e-19 1e-19 1e-19 1e-19 1e-19 1e-19 1e-19 1e-19 1e-19 1e-19 1e-19 1e-19 1e-19 1e-19 1e-19 1e-19 1e-19 1e-19 1e-19 1e-19 1e-19 1e-19 1e-19 1e-19 1e-19 1e-19 1e-19 0 1e-19 1e-19 1e-19 1e-19 1e-19 1e-19 1e-19 1e-19 1e-19
0.0336  293 0.00579296 -3.47794e-15 2.96281e-17 1e-19 1e-19 1e-19 1e-19 1e-19 0.232918 1e-19 1e-19 0.767082 1e-19 1e-19 1e-19 1e-19 1e-19 1e-19 1e-19 1e-19 1e-19 1e-19 1e-19 1e-19 1e-19 1e-19 1e-19 1e-19 1e-19 1e-19 1e-19 1e-19 1e-19 1e-19 1e-19 1e-19 1e-19 1e-19 1e-19 1e-19 1e-19 1e-19 0 1e-19 1e-19 1e-19 1e-19 1e-19 1e-19 1e-19 1e-19 1e-19
0.0343  293 0.00579296 -3.47794e-15 2.96281e-17 1e-19 1e-19 1e-19 1e-19 1e-19 0.232918 1e-19 1e-19 0.767082 1e-19 1e-19 1e-19 1e-19 1e-19 1e-19 1e-19 1e-19 1e-19 1e-19 1e-19 1e-19 1e-19 1e-19 1e-19 1e-19 1e-19 1e-19 1e-19 1e-19 1e-19 1e-19 1e-19 1e-19 1e-19 1e-19 1e-19 1e-19 1e-19 1e-19 0 1e-19 1e-19 1e-19 1e-19 1e-19 1e-19 1e-19 1e-19 1e-19
0.035  293 0.00579296 -3.47794e-15 2.96281e-17 1e-19 1e-19 1e-19 1e-19 1e-19 0.232918 1e-19 1e-19 0.767082 1e-19 1e-19 1e-19 1e-19 1e-19 1e-19 1e-19 1e-19 1e-19 1e-19 1e-19 1e-19 1e-19 1e-19 1e-19 1e-19 1e-19 1e-19 1e-19 1e-19 1e-19 1e-19 1e-19 1e-19 1e-19 1e-19 1e-19 1e-19 1e-19 1e-19 0 1e-19 1e-19 1e-19 1e-19 1e-19 1e-19 1e-19 1e-19 1e-19
0.03535  303.478 0.00579296 -3.47794e-15 2.96281e-17 1e-19 1e-19 1e-19 1e-19 1e-19 0.232918 1e-19 1e-19 0.767082 1e-19 1e-19 1e-19 1e-19 1e-19 1e-19 1e-19 1e-19 1e-19 1e-19 1e-19 1e-19 1e-19 1e-19 1e-19 1e-19 1e-19 1e-19 1e-19 1e-19 1e-19 1e-19 1e-19 1e-19 1e-19 1e-19 1e-19 1e-19 1e-19 1e-19 0 1e-19 1e-19 1e-19 1e-19 1e-19 1e-19 1e-19 1e-19 1e-19
0.0357  333.522 0.00527112 -1.13924 2.96281e-17 1e-19 1e-19 1e-19 1e-19 1e-19 0.232918 1e-19 1e-19 0.767082 1e-19 1e-19 1e-19 1e-19 1e-19 1e-19 1e-19 1e-19 1e-19 1e-19 1e-19 1e-19 1e-19 1e-19 1e-19 1e-19 1e-19 1e-19 1e-19 1e-19 1e-19 1e-19 1e-19 1e-19 1e-19 1e-19 1e-19 1e-19 1e-19 1e-19 1.13507e-16 1e-19 1e-19 1e-19 1e-19 1e-19 1e-19 1e-19 1e-19 1e-19
0.0364  372.014 0.00472573 -0.669158 2.96281e-17 1e-19 1e-19 1e-19 1e-19 1e-19 0.232918 1e-19 1e-19 0.767082 1e-19 1e-19 1e-19 1e-19 1e-19 1e-19 1e-19 1e-19 1e-19 1e-19 1e-19 1e-19 1e-19 1e-19 1e-19 1e-19 1e-19 1e-19 1e-19 1e-19 1e-19 1e-19 1e-19 1e-19 1e-19 1e-19 1e-19 1e-19 1e-19 1e-19 2.21327e-16 1e-19 1e-19 1e-19 1e-19 1e-19 1e-19 1e-19 1e-19 1e-19
0.0371  408.146 0.00430736 -0.402624 2.96281e-17 1e-19 1e-19 1e-19 1e-19 1e-19 0.232918 1e-19 1e-19 0.767082 1e-19 1e-19 1e-19 1e-19 1e-19 1e-19 1e-19 1e-19 1e-19 1e-19 1e-19 1e-19 1e-19 1e-19 1e-19 1e-19 1e-19 1e-19 1e-19 1e-19 1e-19 1e-19 1e-19 1e-19 1e-19 1e-19 1e-19 1e-19 1e-19 1e-19 3.22538e-16 1e-19 1e-19 1e-19 1e-19 1e-19 1e-19 1e-19 1e-19 1e-19
0.0378  441.653 0.00398057 -0.33331 2.96281e-17 1e-19 1e-19 1e-19 1e-19 1e-19 0.232918 1e-19 1e-19 0.767082 1e-19 1e-19 1e-19 1e-19 1e-19 1e-19 1e-19 1e-19 1e-19 1e-19 1e-19 1e-19 1e-19 1e-19 1e-19 1e-19 1e-19 1e-19 1e-19 1e-19 1e-19 1e-19 1e-19 1e-19 1e-19 1e-19 1e-19 1e-19 1e-19 1e-19 4.16396e-16 1e-19 1e-19 1e-19 1e-19 1e-19 1e-19 1e-19 1e-19 1e-19
0.0385  472.34 0.00372197 -0.441568 2.96281e-17 1e-19 1e-19 1e-19 1e-19 1e-19 0.232918 1e-19 1e-19 0.767082 1e-19 1e-19 1e-19 1e-19 1e-19 1e-19 1e-19 1e-19 1e-19 1e-19 1e-19 1e-19 1e-19 1e-19 1e-19 1e-19 1e-19 1e-19 1e-19 1e-19 1e-19 1e-19 1e-19 1e-19 1e-19 1e-19 1e-19 1e-19 1e-19 1e-19 5.02354e-16 1e-19 1e-19 1e-19 1e-19 1e-19 1e-19 1e-19 1e-19 1e-19
0.0392  500.089 0.00351545 -0.698229 2.96281e-17 1e-19 1e-19 1e-19 1e-19 1e-19 0.232918 1e-19 1e-19 0.767082 1e-19 1e-19 1e-19 1e-19 1e-19 1e-19 1e-19 1e-19 1e-19 1e-19 1e-19 1e-19 1e-19 1e-19 1e-19 1e-19 1e-19 1e-19 1e-19 1e-19 1e-19 1e-19 1e-19 1e-19 1e-19 1e-19 1e-19 1e-19 1e-19 1e-19 5.8008e-16 1e-19 1e-19 1e-19 1e-19 1e-19 1e-19 1e-19 1e-19 1e-19
0.0399  524.856 0.00334955 -1.06847 2.96281e-17 1e-19 1e-19 1e-19 1e-19 1e-19 0.232918 1e-19 1e-19 0.767082 1e-19 1e-19 1e-19 1e-19 1e-19 1e-19 1e-19 1e-19 1e-19 1e-19 1e-19 1e-19 1e-19 1e-19 1e-19 1e-19 1e-19 1e-19 1e-19 1e-19 1e-19 1e-19 1e-19 1e-19 1e-19 1e-19 1e-19 1e-19 1e-19 1e-19 6.49457e-16 1e-19 1e-19 1e-19 1e-19 1e-19 1e-19 1e-19 1e-19 1e-19
0.0406  546.675 0.00321587 -1.51548 2.96281e-17 1e-19 1e-19 1e-19 1e-19 1e-19 0.232918 1e-19 1e-19 0.767082 1e-19 1e-19 1e-19 1e-19 1e-19 1e-19 1e-19 1e-19 1e-19 1e-19 1e-19 1e-19 1e-19 1e-19 1e-19 1e-19 1e-19 1e-19 1e-19 1e-19 1e-19 1e-19 1e-19 1e-19 1e-19 1e-19 1e-19 1e-19 1e-19 1e-19 7.10576e-16 1e-19 1e-19 1e-19 1e-19 1e-19 1e-19 1e-19 1e-19 1e-19
0.0413  565.643 0.00310803 -2.0036 2.96281e-17 1e-19 1e-19 1e-19 1e-19 1e-19 0.232918 1e-19 1e-19 0.767082 1e-19 1e-19 1e-19 1e-19 1e-19 1e-19 1e-19 1e-19 1e-19 1e-19 1e-19 1e-19 1e-19 1e-19 1e-19 1e-19 1e-19 1e-19 1e-19 1e-19 1e-19 1e-19 1e-19 1e-19 1e-19 1e-19 1e-19 1e-19 1e-19 1e-19 7.63707e-16 1e-19 1e-19 1e-19 1e-19 1e-19 1e-19 1e-19 1e-19 1e-19
0.042  581.913 0.00302113 -2.50081 2.96281e-17 1e-19 1e-19 1e-19 1e-19 1e-19 0.232918 1e-19 1e-19 0.767082 1e-19 1e-19 1e-19 1e-19 1e-19 1e-19 1e-19 1e-19 1e-19 1e-19 1e-19 1e-19 1e-19 1e-19 1e-19 1e-19 1e-19 1e-19 1e-19 1e-19 1e-19 1e-19 1e-19 1e-19 1e-19 1e-19 1e-19 1e-19 1e-19 1e-19 8.0928e-16 1e-19 1e-19 1e-19 1e-19 1e-19 1e-19 1e-19 1e-19 1e-19
0.0427  595.68 0.0029513 -2.98039 2.96281e-17 1e-19 1e-19 1e-19 1e-19 1e-19 0.232918 1e-19 1e-19 0.767082 1e-19 1e-19 1e-19 1e-19 1e-19 1e-19 1e-19 1e-19 1e-19 1e-19 1e-19 1e-19 1e-19 1e-19 1e-19 1e-19 1e-19 1e-19 1e-19 1e-19 1e-19 1e-19 1e-19 1e-19 1e-19 1e-19 1e-19 1e-19 1e-19 1e-19 8.47844e-16 1e-19 1e-19 1e-19 1e-19 1e-19 1e-19 1e-19 1e-19 1e-19
0.0434  607.173 0.00289544 -3.42178 2.96281e-17 1e-19 1e-19 1e-19 1e-19 1e-19 0.232918 1e-19 1e-19 0.767082 1e-19 1e-19 1e-19 1e-19 1e-19 1e-19 1e-19 1e-19 1e-19 1e-19 1e-19 1e-19 1e-19 1e-19 1e-19 1e-19 1e-19 1e-19 1e-19 1e-19 1e-19 1e-19 1e-19 1e-19 1e-19 1e-19 1e-19 1e-19 1e-19 1e-19 8.80037e-16 1e-19 1e-19 1e-19 1e-19 1e-19 1e-19 1e-19 1e-19 1e-19
0.0441  616.637 0.00285101 -3.81078 2.96281e-17 1e-19 1e-19 1e-19 1e-19 1e-19 0.232918 1e-19 1e-19 0.767082 1e-19 1e-19 1e-19 1e-19 1e-19 1e-19 1e-19 1e-19 1e-19 1e-19 1e-19 1e-19 1e-19 1e-19 1e-19 1e-19 1e-19 1e-19 1e-19 1e-19 1e-19 1e-19 1e-19 1e-19 1e-19 1e-19 1e-19 1e-19 1e-19 1e-19 9.06546e-16 1e-19 1e-19 1e-19 1e-19 1e-19 1e-19 1e-19 1e-19 1e-19
0.0448  624.323 0.00281591 -4.13912 2.96281e-17 1e-19 1e-19 1e-19 1e-19 1e-19 0.232918 1e-19 1e-19 0.767082 1e-19 1e-19 1e-19 1e-19 1e-19 1e-19 1e-19 1e-19 1e-19 1e-19 1e-19 1e-19 1e-19 1e-19 1e-19 1e-19 1e-19 1e-19 1e-19 1e-19 1e-19 1e-19 1e-19 1e-19 1e-19 1e-19 1e-19 1e-19 1e-19 1e-19 9.28074e-16 1e-19 1e-19 1e-19 1e-19 1e-19 1e-19 1e-19 1e-19 1e-19
0.0455  630.479 0.00278841 -4.40364 2.96281e-17 1e-19 1e-19 1e-19 1e-19 1e-19 0.232918 1e-19 1e-19 0.767082 1e-19 1e-19 1e-19 1e-19 1e-19 1e-19 1e-19 1e-19 1e-19 1e-19 1e-19 1e-19 1e-19 1e-19 1e-19 1e-19 1e-19 1e-19 1e-19 1e-19 1e-19 1e-19 1e-19 1e-19 1e-19 1e-19 1e-19 1e-19 1e-19 1e-19 9.45319e-16 1e-19 1e-19 1e-19 1e-19 1e-19 1e-19 1e-19 1e-19 1e-19
0.0462  635.342 0.00276707 -4.60533 2.96281e-17 1e-19 1e-19 1e-19 1e-19 1e-19 0.232918 1e-19 1e-19 0.767082 1e-19 1e-19 1e-19 1e-19 1e-19 1e-19 1e-19 1e-19 1e-19 1e-19 1e-19 1e-19 1e-19 1e-19 1e-19 1e-19 1e-19 1e-19 1e-19 1e-19 1e-19 1e-19 1e-19 1e-19 1e-19 1e-19 1e-19 1e-19 1e-19 1e-19 9.58942e-16 1e-19 1e-19 1e-19 1e-19 1e-19 1e-19 1e-19 1e-19 1e-19
0.0469  639.131 0.00275066 -4.74822 2.96281e-17 1e-19 1e-19 1e-19 1e-19 1e-19 0.232918 1e-19 1e-19 0.767082 1e-19 1e-19 1e-19 1e-19 1e-19 1e-19 1e-19 1e-19 1e-19 1e-19 1e-19 1e-19 1e-19 1e-19 1e-19 1e-19 1e-19 1e-19 1e-19 1e-19 1e-19 1e-19 1e-19 1e-19 1e-19 1e-19 1e-19 1e-19 1e-19 1e-19 9.69555e-16 1e-19 1e-19 1e-19 1e-19 1e-19 1e-19 1e-19 1e-19 1e-19
0.0476  642.042 0.00273819 -4.83833 2.96281e-17 1e-19 1e-19 1e-19 1e-19 1e-19 0.232918 1e-19 1e-19 0.767082 1e-19 1e-19 1e-19 1e-19 1e-19 1e-19 1e-19 1e-19 1e-19 1e-19 1e-19 1e-19 1e-19 1e-19 1e-19 1e-19 1e-19 1e-19 1e-19 1e-19 1e-19 1e-19 1e-19 1e-19 1e-19 1e-19 1e-19 1e-19 1e-19 1e-19 9.77708e-16 1e-19 1e-19 1e-19 1e-19 1e-19 1e-19 1e-19 1e-19 1e-19
0.0483  644.247 0.00272882 -4.88276 2.96281e-17 1e-19 1e-19 1e-19 1e-19 1e-19 0.232918 1e-19 1e-19 0.767082 1e-19 1e-19 1e-19 1e-19 1e-19 1e-19 1e-19 1e-19 1e-19 1e-19 1e-19 1e-19 1e-19 1e-19 1e-19 1e-19 1e-19 1e-19 1e-19 1e-19 1e-19 1e-19 1e-19 1e-19 1e-19 1e-19 1e-19 1e-19 1e-19 1e-19 9.83884e-16 1e-19 1e-19 1e-19 1e-19 1e-19 1e-19 1e-19 1e-19 1e-19
0.049  645.894 0.00272186 -4.88899 2.96281e-17 1e-19 1e-19 1e-19 1e-19 1e-19 0.232918 1e-19 1e-19 0.767082 1e-19 1e-19 1e-19 1e-19 1e-19 1e-19 1e-19 1e-19 1e-19 1e-19 1e-19 1e-19 1e-19 1e-19 1e-19 1e-19 1e-19 1e-19 1e-19 1e-19 1e-19 1e-19 1e-19 1e-19 1e-19 1e-19 1e-19 1e-19 1e-19 1e-19 9.88498e-16 1e-19 1e-19 1e-19 1e-19 1e-19 1e-19 1e-19 1e-19 1e-19
0.0497  647.107 0.00271676 -4.86431 2.96281e-17 1e-19 1e-19 1e-19 1e-19 1e-19 0.232918 1e-19 1e-19 0.767082 1e-19 1e-19 1e-19 1e-19 1e-19 1e-19 1e-19 1e-19 1e-19 1e-19 1e-19 1e-19 1e-19 1e-19 1e-19 1e-19 1e-19 1e-19 1e-19 1e-19 1e-19 1e-19 1e-19 1e-19 1e-19 1e-19 1e-19 1e-19 1e-19 1e-19 9.91896e-16 1e-19 1e-19 1e-19 1e-19 1e-19 1e-19 1e-19 1e-19 1e-19
0.0504  647.988 0.00271307 -4.81542 2.96281e-17 1e-19 1e-19 1e-19 1e-19 1e-19 0.232918 1e-19 1e-19 0.767082 1e-19 1e-19 1e-19 1e-19 1e-19 1e-19 1e-19 1e-19 1e-19 1e-19 1e-19 1e-19 1e-19 1e-19 1e-19 1e-19 1e-19 1e-19 1e-19 1e-19 1e-19 1e-19 1e-19 1e-19 1e-19 1e-19 1e-19 1e-19 1e-19 1e-19 9.94364e-16 1e-19 1e-19 1e-19 1e-19 1e-19 1e-19 1e-19 1e-19 1e-19
0.0511  648.619 0.00271043 -4.74827 2.96281e-17 1e-19 1e-19 1e-19 1e-19 1e-19 0.232918 1e-19 1e-19 0.767082 1e-19 1e-19 1e-19 1e-19 1e-19 1e-19 1e-19 1e-19 1e-19 1e-19 1e-19 1e-19 1e-19 1e-19 1e-19 1e-19 1e-19 1e-19 1e-19 1e-19 1e-19 1e-19 1e-19 1e-19 1e-19 1e-19 1e-19 1e-19 1e-19 1e-19 9.96132e-16 1e-19 1e-19 1e-19 1e-19 1e-19 1e-19 1e-19 1e-19 1e-19
0.0518  649.064 0.00270857 -4.66788 2.96281e-17 1e-19 1e-19 1e-19 1e-19 1e-19 0.232918 1e-19 1e-19 0.767082 1e-19 1e-19 1e-19 1e-19 1e-19 1e-19 1e-19 1e-19 1e-19 1e-19 1e-19 1e-19 1e-19 1e-19 1e-19 1e-19 1e-19 1e-19 1e-19 1e-19 1e-19 1e-19 1e-19 1e-19 1e-19 1e-19 1e-19 1e-19 1e-19 1e-19 9.9738e-16 1e-19 1e-19 1e-19 1e-19 1e-19 1e-19 1e-19 1e-19 1e-19
0.0525  649.375 0.00270727 -4.57843 2.96281e-17 1e-19 1e-19 1e-19 1e-19 1e-19 0.232918 1e-19 1e-19 0.767082 1e-19 1e-19 1e-19 1e-19 1e-19 1e-19 1e-19 1e-19 1e-19 1e-19 1e-19 1e-19 1e-19 1e-19 1e-19 1e-19 1e-19 1e-19 1e-19 1e-19 1e-19 1e-19 1e-19 1e-19 1e-19 1e-19 1e-19 1e-19 1e-19 1e-19 9.98248e-16 1e-19 1e-19 1e-19 1e-19 1e-19 1e-19 1e-19 1e-19 1e-19
0.0532  649.587 0.00270639 -4.48324 2.96281e-17 1e-19 1e-19 1e-19 1e-19 1e-19 0.232918 1e-19 1e-19 0.767082 1e-19 1e-19 1e-19 1e-19 1e-19 1e-19 1e-19 1e-19 1e-19 1e-19 1e-19 1e-19 1e-19 1e-19 1e-19 1e-19 1e-19 1e-19 1e-19 1e-19 1e-19 1e-19 1e-19 1e-19 1e-19 1e-19 1e-19 1e-19 1e-19 1e-19 9.98844e-16 1e-19 1e-19 1e-19 1e-19 1e-19 1e-19 1e-19 1e-19 1e-19
0.0539  649.731 0.00270579 -4.38487 2.96281e-17 1e-19 1e-19 1e-19 1e-19 1e-19 0.232918 1e-19 1e-19 0.767082 1e-19 1e-19 1e-19 1e-19 1e-19 1e-19 1e-19 1e-19 1e-19 1e-19 1e-19 1e-19 1e-19 1e-19 1e-19 1e-19 1e-19 1e-19 1e-19 1e-19 1e-19 1e-19 1e-19 1e-19 1e-19 1e-19 1e-19 1e-19 1e-19 1e-19 9.99248e-16 1e-19 1e-19 1e-19 1e-19 1e-19 1e-19 1e-19 1e-19 1e-19
0.0546  649.827 0.00270539 -4.28528 2.96281e-17 1e-19 1e-19 1e-19 1e-19 1e-19 0.232918 1e-19 1e-19 0.767082 1e-19 1e-19 1e-19 1e-19 1e-19 1e-19 1e-19 1e-19 1e-19 1e-19 1e-19 1e-19 1e-19 1e-19 1e-19 1e-19 1e-19 1e-19 1e-19 1e-19 1e-19 1e-19 1e-19 1e-19 1e-19 1e-19 1e-19 1e-19 1e-19 1e-19 9.99517e-16 1e-19 1e-19 1e-19 1e-19 1e-19 1e-19 1e-19 1e-19 1e-19
0.0553  649.891 0.00270512 -4.18589 2.96281e-17 1e-19 1e-19 1e-19 1e-19 1e-19 0.232918 1e-19 1e-19 0.767082 1e-19 1e-19 1e-19 1e-19 1e-19 1e-19 1e-19 1e-19 1e-19 1e-19 1e-19 1e-19 1e-19 1e-19 1e-19 1e-19 1e-19 1e-19 1e-19 1e-19 1e-19 1e-19 1e-19 1e-19 1e-19 1e-19 1e-19 1e-19 1e-19 1e-19 9.99694e-16 1e-19 1e-19 1e-19 1e-19 1e-19 1e-19 1e-19 1e-19 1e-19
0.056  649.932 0.00270495 -4.0877 2.96281e-17 1e-19 1e-19 1e-19 1e-19 1e-19 0.232918 1e-19 1e-19 0.767082 1e-19 1e-19 1e-19 1e-19 1e-19 1e-19 1e-19 1e-19 1e-19 1e-19 1e-19 1e-19 1e-19 1e-19 1e-19 1e-19 1e-19 1e-19 1e-19 1e-19 1e-19 1e-19 1e-19 1e-19 1e-19 1e-19 1e-19 1e-19 1e-19 1e-19 9.99809e-16 1e-19 1e-19 1e-19 1e-19 1e-19 1e-19 1e-19 1e-19 1e-19
0.0567  649.958 0.00270484 -3.99139 2.96281e-17 1e-19 1e-19 1e-19 1e-19 1e-19 0.232918 1e-19 1e-19 0.767082 1e-19 1e-19 1e-19 1e-19 1e-19 1e-19 1e-19 1e-19 1e-19 1e-19 1e-19 1e-19 1e-19 1e-19 1e-19 1e-19 1e-19 1e-19 1e-19 1e-19 1e-19 1e-19 1e-19 1e-19 1e-19 1e-19 1e-19 1e-19 1e-19 1e-19 9.99882e-16 1e-19 1e-19 1e-19 1e-19 1e-19 1e-19 1e-19 1e-19 1e-19
0.0574  649.974 0.00270478 -3.89741 2.96281e-17 1e-19 1e-19 1e-19 1e-19 1e-19 0.232918 1e-19 1e-19 0.767082 1e-19 1e-19 1e-19 1e-19 1e-19 1e-19 1e-19 1e-19 1e-19 1e-19 1e-19 1e-19 1e-19 1e-19 1e-19 1e-19 1e-19 1e-19 1e-19 1e-19 1e-19 1e-19 1e-19 1e-19 1e-19 1e-19 1e-19 1e-19 1e-19 1e-19 9.99928e-16 1e-19 1e-19 1e-19 1e-19 1e-19 1e-19 1e-19 1e-19 1e-19
0.0581  649.985 0.00270473 -3.80602 2.96281e-17 1e-19 1e-19 1e-19 1e-19 1e-19 0.232918 1e-19 1e-19 0.767082 1e-19 1e-19 1e-19 1e-19 1e-19 1e-19 1e-19 1e-19 1e-19 1e-19 1e-19 1e-19 1e-19 1e-19 1e-19 1e-19 1e-19 1e-19 1e-19 1e-19 1e-19 1e-19 1e-19 1e-19 1e-19 1e-19 1e-19 1e-19 1e-19 1e-19 9.99957e-16 1e-19 1e-19 1e-19 1e-19 1e-19 1e-19 1e-19 1e-19 1e-19
0.0588  649.991 0.00270471 -3.71734 2.96281e-17 1e-19 1e-19 1e-19 1e-19 1e-19 0.232918 1e-19 1e-19 0.767082 1e-19 1e-19 1e-19 1e-19 1e-19 1e-19 1e-19 1e-19 1e-19 1e-19 1e-19 1e-19 1e-19 1e-19 1e-19 1e-19 1e-19 1e-19 1e-19 1e-19 1e-19 1e-19 1e-19 1e-19 1e-19 1e-19 1e-19 1e-19 1e-19 1e-19 9.99974e-16 1e-19 1e-19 1e-19 1e-19 1e-19 1e-19 1e-19 1e-19 1e-19
0.0595  649.995 0.00270469 -3.63144 2.96281e-17 1e-19 1e-19 1e-19 1e-19 1e-19 0.232918 1e-19 1e-19 0.767082 1e-19 1e-19 1e-19 1e-19 1e-19 1e-19 1e-19 1e-19 1e-19 1e-19 1e-19 1e-19 1e-19 1e-19 1e-19 1e-19 1e-19 1e-19 1e-19 1e-19 1e-19 1e-19 1e-19 1e-19 1e-19 1e-19 1e-19 1e-19 1e-19 1e-19 9.99985e-16 1e-19 1e-19 1e-19 1e-19 1e-19 1e-19 1e-19 1e-19 1e-19
0.0602  649.997 0.00270468 -3.54829 2.96281e-17 1e-19 1e-19 1e-19 1e-19 1e-19 0.232918 1e-19 1e-19 0.767082 1e-19 1e-19 1e-19 1e-19 1e-19 1e-19 1e-19 1e-19 1e-19 1e-19 1e-19 1e-19 1e-19 1e-19 1e-19 1e-19 1e-19 1e-19 1e-19 1e-19 1e-19 1e-19 1e-19 1e-19 1e-19 1e-19 1e-19 1e-19 1e-19 1e-19 9.99991e-16 1e-19 1e-19 1e-19 1e-19 1e-19 1e-19 1e-19 1e-19 1e-19
0.0609  649.998 0.00270468 -3.46785 2.96281e-17 1e-19 1e-19 1e-19 1e-19 1e-19 0.232918 1e-19 1e-19 0.767082 1e-19 1e-19 1e-19 1e-19 1e-19 1e-19 1e-19 1e-19 1e-19 1e-19 1e-19 1e-19 1e-19 1e-19 1e-19 1e-19 1e-19 1e-19 1e-19 1e-19 1e-19 1e-19 1e-19 1e-19 1e-19 1e-19 1e-19 1e-19 1e-19 1e-19 9.99995e-16 1e-19 1e-19 1e-19 1e-19 1e-19 1e-19 1e-19 1e-19 1e-19
0.0616  649.999 0.00270467 -3.39004 2.96281e-17 1e-19 1e-19 1e-19 1e-19 1e-19 0.232918 1e-19 1e-19 0.767082 1e-19 1e-19 1e-19 1e-19 1e-19 1e-19 1e-19 1e-19 1e-19 1e-19 1e-19 1e-19 1e-19 1e-19 1e-19 1e-19 1e-19 1e-19 1e-19 1e-19 1e-19 1e-19 1e-19 1e-19 1e-19 1e-19 1e-19 1e-19 1e-19 1e-19 9.99997e-16 1e-19 1e-19 1e-19 1e-19 1e-19 1e-19 1e-19 1e-19 1e-19
0.0623  649.999 0.00270467 -3.31477 2.96281e-17 1e-19 1e-19 1e-19 1e-19 1e-19 0.232918 1e-19 1e-19 0.767082 1e-19 1e-19 1e-19 1e-19 1e-19 1e-19 1e-19 1e-19 1e-19 1e-19 1e-19 1e-19 1e-19 1e-19 1e-19 1e-19 1e-19 1e-19 1e-19 1e-19 1e-19 1e-19 1e-19 1e-19 1e-19 1e-19 1e-19 1e-19 1e-19 1e-19 9.99998e-16 1e-19 1e-19 1e-19 1e-19 1e-19 1e-19 1e-19 1e-19 1e-19
0.063  650 0.00270467 -3.24196 2.96281e-17 1e-19 1e-19 1e-19 1e-19 1e-19 0.232918 1e-19 1e-19 0.767082 1e-19 1e-19 1e-19 1e-19 1e-19 1e-19 1e-19 1e-19 1e-19 1e-19 1e-19 1e-19 1e-19 1e-19 1e-19 1e-19 1e-19 1e-19 1e-19 1e-19 1e-19 1e-19 1e-19 1e-19 1e-19 1e-19 1e-19 1e-19 1e-19 1e-19 9.99999e-16 1e-19 1e-19 1e-19 1e-19 1e-19 1e-19 1e-19 1e-19 1e-19
0.0637  650 0.00270467 -3.17151 2.96281e-17 1e-19 1e-19 1e-19 1e-19 1e-19 0.232918 1e-19 1e-19 0.767082 1e-19 1e-19 1e-19 1e-19 1e-19 1e-19 1e-19 1e-19 1e-19 1e-19 1e-19 1e-19 1e-19 1e-19 1e-19 1e-19 1e-19 1e-19 1e-19 1e-19 1e-19 1e-19 1e-19 1e-19 1e-19 1e-19 1e-19 1e-19 1e-19 1e-19 1e-15 1e-19 1e-19 1e-19 1e-19 1e-19 1e-19 1e-19 1e-19 1e-19
0.0644  650 0.00270467 -3.10332 2.96281e-17 1e-19 1e-19 1e-19 1e-19 1e-19 0.232918 1e-19 1e-19 0.767082 1e-19 1e-19 1e-19 1e-19 1e-19 1e-19 1e-19 1e-19 1e-19 1e-19 1e-19 1e-19 1e-19 1e-19 1e-19 1e-19 1e-19 1e-19 1e-19 1e-19 1e-19 1e-19 1e-19 1e-19 1e-19 1e-19 1e-19 1e-19 1e-19 1e-19 1e-15 1e-19 1e-19 1e-19 1e-19 1e-19 1e-19 1e-19 1e-19 1e-19
0.0651  650 0.00270467 -3.0373 2.96281e-17 1e-19 1e-19 1e-19 1e-19 1e-19 0.232918 1e-19 1e-19 0.767082 1e-19 1e-19 1e-19 1e-19 1e-19 1e-19 1e-19 1e-19 1e-19 1e-19 1e-19 1e-19 1e-19 1e-19 1e-19 1e-19 1e-19 1e-19 1e-19 1e-19 1e-19 1e-19 1e-19 1e-19 1e-19 1e-19 1e-19 1e-19 1e-19 1e-19 1e-15 1e-19 1e-19 1e-19 1e-19 1e-19 1e-19 1e-19 1e-19 1e-19
0.0658  650 0.00270467 -2.97336 2.96281e-17 1e-19 1e-19 1e-19 1e-19 1e-19 0.232918 1e-19 1e-19 0.767082 1e-19 1e-19 1e-19 1e-19 1e-19 1e-19 1e-19 1e-19 1e-19 1e-19 1e-19 1e-19 1e-19 1e-19 1e-19 1e-19 1e-19 1e-19 1e-19 1e-19 1e-19 1e-19 1e-19 1e-19 1e-19 1e-19 1e-19 1e-19 1e-19 1e-19 1e-15 1e-19 1e-19 1e-19 1e-19 1e-19 1e-19 1e-19 1e-19 1e-19
0.0665  650 0.00270467 -2.91142 2.96281e-17 1e-19 1e-19 1e-19 1e-19 1e-19 0.232918 1e-19 1e-19 0.767082 1e-19 1e-19 1e-19 1e-19 1e-19 1e-19 1e-19 1e-19 1e-19 1e-19 1e-19 1e-19 1e-19 1e-19 1e-19 1e-19 1e-19 1e-19 1e-19 1e-19 1e-19 1e-19 1e-19 1e-19 1e-19 1e-19 1e-19 1e-19 1e-19 1e-19 1e-15 1e-19 1e-19 1e-19 1e-19 1e-19 1e-19 1e-19 1e-19 1e-19
0.0672  650 0.00270467 -2.85139 2.96281e-17 1e-19 1e-19 1e-19 1e-19 1e-19 0.232918 1e-19 1e-19 0.767082 1e-19 1e-19 1e-19 1e-19 1e-19 1e-19 1e-19 1e-19 1e-19 1e-19 1e-19 1e-19 1e-19 1e-19 1e-19 1e-19 1e-19 1e-19 1e-19 1e-19 1e-19 1e-19 1e-19 1e-19 1e-19 1e-19 1e-19 1e-19 1e-19 1e-19 1e-15 1e-19 1e-19 1e-19 1e-19 1e-19 1e-19 1e-19 1e-19 1e-19
0.0679  650 0.00270467 -2.7932 2.96281e-17 1e-19 1e-19 1e-19 1e-19 1e-19 0.232918 1e-19 1e-19 0.767082 1e-19 1e-19 1e-19 1e-19 1e-19 1e-19 1e-19 1e-19 1e-19 1e-19 1e-19 1e-19 1e-19 1e-19 1e-19 1e-19 1e-19 1e-19 1e-19 1e-19 1e-19 1e-19 1e-19 1e-19 1e-19 1e-19 1e-19 1e-19 1e-19 1e-19 1e-15 1e-19 1e-19 1e-19 1e-19 1e-19 1e-19 1e-19 1e-19 1e-19
0.0686  650 0.00270467 -2.73678 2.96281e-17 1e-19 1e-19 1e-19 1e-19 1e-19 0.232918 1e-19 1e-19 0.767082 1e-19 1e-19 1e-19 1e-19 1e-19 1e-19 1e-19 1e-19 1e-19 1e-19 1e-19 1e-19 1e-19 1e-19 1e-19 1e-19 1e-19 1e-19 1e-19 1e-19 1e-19 1e-19 1e-19 1e-19 1e-19 1e-19 1e-19 1e-19 1e-19 1e-19 1e-15 1e-19 1e-19 1e-19 1e-19 1e-19 1e-19 1e-19 1e-19 1e-19
0.0693  650 0.00270467 -2.60282 2.96281e-17 1e-19 1e-19 1e-19 1e-19 1e-19 0.232918 1e-19 1e-19 0.767082 1e-19 1e-19 1e-19 1e-19 1e-19 1e-19 1e-19 1e-19 1e-19 1e-19 1e-19 1e-19 1e-19 1e-19 1e-19 1e-19 1e-19 1e-19 1e-19 1e-19 1e-19 1e-19 1e-19 1e-19 1e-19 1e-19 1e-19 1e-19 1e-19 1e-19 1e-15 1e-19 1e-19 1e-19 1e-19 1e-19 1e-19 1e-19 1e-19 1e-19
0.072104  650 0.00270467 -2.40432 2.96281e-17 1e-19 1e-19 1e-19 1e-19 1e-19 0.232918 1e-19 1e-19 0.767082 1e-19 1e-19 1e-19 1e-19 1e-19 1e-19 1e-19 1e-19 1e-19 1e-19 1e-19 1e-19 1e-19 1e-19 1e-19 1e-19 1e-19 1e-19 1e-19 1e-19 1e-19 1e-19 1e-19 1e-19 1e-19 1e-19 1e-19 1e-19 1e-19 1e-19 1e-15 1e-19 1e-19 1e-19 1e-19 1e-19 1e-19 1e-19 1e-19 1e-19
0.0750215  650 0.00270467 -2.22095 2.96281e-17 1e-19 1e-19 1e-19 1e-19 1e-19 0.232918 1e-19 1e-19 0.767082 1e-19 1e-19 1e-19 1e-19 1e-19 1e-19 1e-19 1e-19 1e-19 1e-19 1e-19 1e-19 1e-19 1e-19 1e-19 1e-19 1e-19 1e-19 1e-19 1e-19 1e-19 1e-19 1e-19 1e-19 1e-19 1e-19 1e-19 1e-19 1e-19 1e-19 1e-15 1e-19 1e-19 1e-19 1e-19 1e-19 1e-19 1e-19 1e-19 1e-19
0.0780571  650 0.00270467 -2.05157 2.96281e-17 1e-19 1e-19 1e-19 1e-19 1e-19 0.232918 1e-19 1e-19 0.767082 1e-19 1e-19 1e-19 1e-19 1e-19 1e-19 1e-19 1e-19 1e-19 1e-19 1e-19 1e-19 1e-19 1e-19 1e-19 1e-19 1e-19 1e-19 1e-19 1e-19 1e-19 1e-19 1e-19 1e-19 1e-19 1e-19 1e-19 1e-19 1e-19 1e-19 1e-15 1e-19 1e-19 1e-19 1e-19 1e-19 1e-19 1e-19 1e-19 1e-19
0.0812155  650 0.00270467 -1.8951 2.96281e-17 1e-19 1e-19 1e-19 1e-19 1e-19 0.232918 1e-19 1e-19 0.767082 1e-19 1e-19 1e-19 1e-19 1e-19 1e-19 1e-19 1e-19 1e-19 1e-19 1e-19 1e-19 1e-19 1e-19 1e-19 1e-19 1e-19 1e-19 1e-19 1e-19 1e-19 1e-19 1e-19 1e-19 1e-19 1e-19 1e-19 1e-19 1e-19 1e-19 1e-15 1e-19 1e-19 1e-19 1e-19 1e-19 1e-19 1e-19 1e-19 1e-19
0.0845016  650 0.00270467 -1.75057 2.96281e-17 1e-19 1e-19 1e-19 1e-19 1e-19 0.232918 1e-19 1e-19 0.767082 1e-19 1e-19 1e-19 1e-19 1e-19 1e-19 1e-19 1e-19 1e-19 1e-19 1e-19 1e-19 1e-19 1e-19 1e-19 1e-19 1e-19 1e-19 1e-19 1e-19 1e-19 1e-19 1e-19 1e-19 1e-19 1e-19 1e-19 1e-19 1e-19 1e-19 1e-15 1e-19 1e-19 1e-19 1e-19 1e-19 1e-19 1e-19 1e-19 1e-19
0.0879208  650 0.00270467 -1.61707 2.96281e-17 1e-19 1e-19 1e-19 1e-19 1e-19 0.232918 1e-19 1e-19 0.767082 1e-19 1e-19 1e-19 1e-19 1e-19 1e-19 1e-19 1e-19 1e-19 1e-19 1e-19 1e-19 1e-19 1e-19 1e-19 1e-19 1e-19 1e-19 1e-19 1e-19 1e-19 1e-19 1e-19 1e-19 1e-19 1e-19 1e-19 1e-19 1e-19 1e-19 1e-15 1e-19 1e-19 1e-19 1e-19 1e-19 1e-19 1e-19 1e-19 1e-19
0.0914782  650 0.00270467 -1.49374 2.96281e-17 1e-19 1e-19 1e-19 1e-19 1e-19 0.232918 1e-19 1e-19 0.767082 1e-19 1e-19 1e-19 1e-19 1e-19 1e-19 1e-19 1e-19 1e-19 1e-19 1e-19 1e-19 1e-19 1e-19 1e-19 1e-19 1e-19 1e-19 1e-19 1e-19 1e-19 1e-19 1e-19 1e-19 1e-19 1e-19 1e-19 1e-19 1e-19 1e-19 1e-15 1e-19 1e-19 1e-19 1e-19 1e-19 1e-19 1e-19 1e-19 1e-19
0.0951797  650 0.00270467 -1.37982 2.96281e-17 1e-19 1e-19 1e-19 1e-19 1e-19 0.232918 1e-19 1e-19 0.767082 1e-19 1e-19 1e-19 1e-19 1e-19 1e-19 1e-19 1e-19 1e-19 1e-19 1e-19 1e-19 1e-19 1e-19 1e-19 1e-19 1e-19 1e-19 1e-19 1e-19 1e-19 1e-19 1e-19 1e-19 1e-19 1e-19 1e-19 1e-19 1e-19 1e-19 1e-15 1e-19 1e-19 1e-19 1e-19 1e-19 1e-19 1e-19 1e-19 1e-19
0.0990309  650 0.00270467 -1.27459 2.96281e-17 1e-19 1e-19 1e-19 1e-19 1e-19 0.232918 1e-19 1e-19 0.767082 1e-19 1e-19 1e-19 1e-19 1e-19 1e-19 1e-19 1e-19 1e-19 1e-19 1e-19 1e-19 1e-19 1e-19 1e-19 1e-19 1e-19 1e-19 1e-19 1e-19 1e-19 1e-19 1e-19 1e-19 1e-19 1e-19 1e-19 1e-19 1e-19 1e-19 1e-15 1e-19 1e-19 1e-19 1e-19 1e-19 1e-19 1e-19 1e-19 1e-19
0.103038  650 0.00270467 -1.17738 2.96281e-17 1e-19 1e-19 1e-19 1e-19 1e-19 0.232918 1e-19 1e-19 0.767082 1e-19 1e-19 1e-19 1e-19 1e-19 1e-19 1e-19 1e-19 1e-19 1e-19 1e-19 1e-19 1e-19 1e-19 1e-19 1e-19 1e-19 1e-19 1e-19 1e-19 1e-19 1e-19 1e-19 1e-19 1e-19 1e-19 1e-19 1e-19 1e-19 1e-19 1e-15 1e-19 1e-19 1e-19 1e-19 1e-19 1e-19 1e-19 1e-19 1e-19
0.107207  650 0.00270467 -1.08759 2.96281e-17 1e-19 1e-19 1e-19 1e-19 1e-19 0.232918 1e-19 1e-19 0.767082 1e-19 1e-19 1e-19 1e-19 1e-19 1e-19 1e-19 1e-19 1e-19 1e-19 1e-19 1e-19 1e-19 1e-19 1e-19 1e-19 1e-19 1e-19 1e-19 1e-19 1e-19 1e-19 1e-19 1e-19 1e-19 1e-19 1e-19 1e-19 1e-19 1e-19 1e-15 1e-19 1e-19 1e-19 1e-19 1e-19 1e-19 1e-19 1e-19 1e-19
0.111545  650 0.00270467 -1.00464 2.96281e-17 1e-19 1e-19 1e-19 1e-19 1e-19 0.232918 1e-19 1e-19 0.767082 1e-19 1e-19 1e-19 1e-19 1e-19 1e-19 1e-19 1e-19 1e-19 1e-19 1e-19 1e-19 1e-19 1e-19 1e-19 1e-19 1e-19 1e-19 1e-19 1e-19 1e-19 1e-19 1e-19 1e-19 1e-19 1e-19 1e-19 1e-19 1e-19 1e-19 1e-15 1e-19 1e-19 1e-19 1e-19 1e-19 1e-19 1e-19 1e-19 1e-19
0.116058  650 0.00270467 -0.928023 2.96281e-17 1e-19 1e-19 1e-19 1e-19 1e-19 0.232918 1e-19 1e-19 0.767082 1e-19 1e-19 1e-19 1e-19 1e-19 1e-19 1e-19 1e-19 1e-19 1e-19 1e-19 1e-19 1e-19 1e-19 1e-19 1e-19 1e-19 1e-19 1e-19 1e-19 1e-19 1e-19 1e-19 1e-19 1e-19 1e-19 1e-19 1e-19 1e-19 1e-19 1e-15 1e-19 1e-19 1e-19 1e-19 1e-19 1e-19 1e-19 1e-19 1e-19
0.120754  650 0.00270467 -0.857247 2.96281e-17 1e-19 1e-19 1e-19 1e-19 1e-19 0.232918 1e-19 1e-19 0.767082 1e-19 1e-19 1e-19 1e-19 1e-19 1e-19 1e-19 1e-19 1e-19 1e-19 1e-19 1e-19 1e-19 1e-19 1e-19 1e-19 1e-19 1e-19 1e-19 1e-19 1e-19 1e-19 1e-19 1e-19 1e-19 1e-19 1e-19 1e-19 1e-19 1e-19 1e-15 1e-19 1e-19 1e-19 1e-19 1e-19 1e-19 1e-19 1e-19 1e-19
0.12564  650 0.00270467 -0.791869 2.96281e-17 1e-19 1e-19 1e-19 1e-19 1e-19 0.232918 1e-19 1e-19 0.767082 1e-19 1e-19 1e-19 1e-19 1e-19 1e-19 1e-19 1e-19 1e-19 1e-19 1e-19 1e-19 1e-19 1e-19 1e-19 1e-19 1e-19 1e-19 1e-19 1e-19 1e-19 1e-19 1e-19 1e-19 1e-19 1e-19 1e-19 1e-19 1e-19 1e-19 1e-15 1e-19 1e-19 1e-19 1e-19 1e-19 1e-19 1e-19 1e-19 1e-19
0.130724  650 0.00270467 -0.731477 2.96281e-17 1e-19 1e-19 1e-19 1e-19 1e-19 0.232918 1e-19 1e-19 0.767082 1e-19 1e-19 1e-19 1e-19 1e-19 1e-19 1e-19 1e-19 1e-19 1e-19 1e-19 1e-19 1e-19 1e-19 1e-19 1e-19 1e-19 1e-19 1e-19 1e-19 1e-19 1e-19 1e-19 1e-19 1e-19 1e-19 1e-19 1e-19 1e-19 1e-19 1e-15 1e-19 1e-19 1e-19 1e-19 1e-19 1e-19 1e-19 1e-19 1e-19
0.136013  650 0.00270467 -0.67569 2.96281e-17 1e-19 1e-19 1e-19 1e-19 1e-19 0.232918 1e-19 1e-19 0.767082 1e-19 1e-19 1e-19 1e-19 1e-19 1e-19 1e-19 1e-19 1e-19 1e-19 1e-19 1e-19 1e-19 1e-19 1e-19 1e-19 1e-19 1e-19 1e-19 1e-19 1e-19 1e-19 1e-19 1e-19 1e-19 1e-19 1e-19 1e-19 1e-19 1e-19 1e-15 1e-19 1e-19 1e-19 1e-19 1e-19 1e-19 1e-19 1e-19 1e-19
0.141517  650 0.00270467 -0.624159 2.96281e-17 1e-19 1e-19 1e-19 1e-19 1e-19 0.232918 1e-19 1e-19 0.767082 1e-19 1e-19 1e-19 1e-19 1e-19 1e-19 1e-19 1e-19 1e-19 1e-19 1e-19 1e-19 1e-19 1e-19 1e-19 1e-19 1e-19 1e-19 1e-19 1e-19 1e-19 1e-19 1e-19 1e-19 1e-19 1e-19 1e-19 1e-19 1e-19 1e-19 1e-15 1e-19 1e-19 1e-19 1e-19 1e-19 1e-19 1e-19 1e-19 1e-19
0.147243  650 0.00270467 -0.576557 2.96281e-17 1e-19 1e-19 1e-19 1e-19 1e-19 0.232918 1e-19 1e-19 0.767082 1e-19 1e-19 1e-19 1e-19 1e-19 1e-19 1e-19 1e-19 1e-19 1e-19 1e-19 1e-19 1e-19 1e-19 1e-19 1e-19 1e-19 1e-19 1e-19 1e-19 1e-19 1e-19 1e-19 1e-19 1e-19 1e-19 1e-19 1e-19 1e-19 1e-19 1e-15 1e-19 1e-19 1e-19 1e-19 1e-19 1e-19 1e-19 1e-19 1e-19
0.153201  650 0.00270467 -0.532586 2.96281e-17 1e-19 1e-19 1e-19 1e-19 1e-19 0.232918 1e-19 1e-19 0.767082 1e-19 1e-19 1e-19 1e-19 1e-19 1e-19 1e-19 1e-19 1e-19 1e-19 1e-19 1e-19 1e-19 1e-19 1e-19 1e-19 1e-19 1e-19 1e-19 1e-19 1e-19 1e-19 1e-19 1e-19 1e-19 1e-19 1e-19 1e-19 1e-19 1e-19 1e-15 1e-19 1e-19 1e-19 1e-19 1e-19 1e-19 1e-19 1e-19 1e-19
0.159399  650 0.00270467 -0.491968 2.96281e-17 1e-19 1e-19 1e-19 1e-19 1e-19 0.232918 1e-19 1e-19 0.767082 1e-19 1e-19 1e-19 1e-19 1e-19 1e-19 1e-19 1e-19 1e-19 1e-19 1e-19 1e-19 1e-19 1e-19 1e-19 1e-19 1e-19 1e-19 1e-19 1e-19 1e-19 1e-19 1e-19 1e-19 1e-19 1e-19 1e-19 1e-19 1e-19 1e-19 1e-15 1e-19 1e-19 1e-19 1e-19 1e-19 1e-19 1e-19 1e-19 1e-19
0.165849  650 0.00270467 -0.454448 2.96281e-17 1e-19 1e-19 1e-19 1e-19 1e-19 0.232918 1e-19 1e-19 0.767082 1e-19 1e-19 1e-19 1e-19 1e-19 1e-19 1e-19 1e-19 1e-19 1e-19 1e-19 1e-19 1e-19 1e-19 1e-19 1e-19 1e-19 1e-19 1e-19 1e-19 1e-19 1e-19 1e-19 1e-19 1e-19 1e-19 1e-19 1e-19 1e-19 1e-19 1e-15 1e-19 1e-19 1e-19 1e-19 1e-19 1e-19 1e-19 1e-19 1e-19
0.17256  650 0.00270467 -0.419789 2.96281e-17 1e-19 1e-19 1e-19 1e-19 1e-19 0.232918 1e-19 1e-19 0.767082 1e-19 1e-19 1e-19 1e-19 1e-19 1e-19 1e-19 1e-19 1e-19 1e-19 1e-19 1e-19 1e-19 1e-19 1e-19 1e-19 1e-19 1e-19 1e-19 1e-19 1e-19 1e-19 1e-19 1e-19 1e-19 1e-19 1e-19 1e-19 1e-19 1e-19 1e-15 1e-19 1e-19 1e-19 1e-19 1e-19 1e-19 1e-19 1e-19 1e-19
0.179542  650 0.00270467 -0.387774 2.96281e-17 1e-19 1e-19 1e-19 1e-19 1e-19 0.232918 1e-19 1e-19 0.767082 1e-19 1e-19 1e-19 1e-19 1e-19 1e-19 1e-19 1e-19 1e-19 1e-19 1e-19 1e-19 1e-19 1e-19 1e-19 1e-19 1e-19 1e-19 1e-19 1e-19 1e-19 1e-19 1e-19 1e-19 1e-19 1e-19 1e-19 1e-19 1e-19 1e-19 1e-15 1e-19 1e-19 1e-19 1e-19 1e-19 1e-19 1e-19 1e-19 1e-19
0.186807  650 0.00270467 -0.3582 2.96281e-17 1e-19 1e-19 1e-19 1e-19 1e-19 0.232918 1e-19 1e-19 0.767082 1e-19 1e-19 1e-19 1e-19 1e-19 1e-19 1e-19 1e-19 1e-19 1e-19 1e-19 1e-19 1e-19 1e-19 1e-19 1e-19 1e-19 1e-19 1e-19 1e-19 1e-19 1e-19 1e-19 1e-19 1e-19 1e-19 1e-19 1e-19 1e-19 1e-19 1e-15 1e-19 1e-19 1e-19 1e-19 1e-19 1e-19 1e-19 1e-19 1e-19
0.194365  650 0.00270467 -0.330882 2.96281e-17 1e-19 1e-19 1e-19 1e-19 1e-19 0.232918 1e-19 1e-19 0.767082 1e-19 1e-19 1e-19 1e-19 1e-19 1e-19 1e-19 1e-19 1e-19 1e-19 1e-19 1e-19 1e-19 1e-19 1e-19 1e-19 1e-19 1e-19 1e-19 1e-19 1e-19 1e-19 1e-19 1e-19 1e-19 1e-19 1e-19 1e-19 1e-19 1e-19 1e-15 1e-19 1e-19 1e-19 1e-19 1e-19 1e-19 1e-19 1e-19 1e-19
0.20223  650 0.00270467 -0.305647 2.96281e-17 1e-19 1e-19 1e-19 1e-19 1e-19 0.232918 1e-19 1e-19 0.767082 1e-19 1e-19 1e-19 1e-19 1e-19 1e-19 1e-19 1e-19 1e-19 1e-19 1e-19 1e-19 1e-19 1e-19 1e-19 1e-19 1e-19 1e-19 1e-19 1e-19 1e-19 1e-19 1e-19 1e-19 1e-19 1e-19 1e-19 1e-19 1e-19 1e-19 1e-15 1e-19 1e-19 1e-19 1e-19 1e-19 1e-19 1e-19 1e-19 1e-19
0.210412  650 0.00270467 -0.282337 2.96281e-17 1e-19 1e-19 1e-19 1e-19 1e-19 0.232918 1e-19 1e-19 0.767082 1e-19 1e-19 1e-19 1e-19 1e-19 1e-19 1e-19 1e-19 1e-19 1e-19 1e-19 1e-19 1e-19 1e-19 1e-19 1e-19 1e-19 1e-19 1e-19 1e-19 1e-19 1e-19 1e-19 1e-19 1e-19 1e-19 1e-19 1e-19 1e-19 1e-19 1e-15 1e-19 1e-19 1e-19 1e-19 1e-19 1e-19 1e-19 1e-19 1e-19
0.218926  650 0.00270467 -0.260804 2.96281e-17 1e-19 1e-19 1e-19 1e-19 1e-19 0.232918 1e-19 1e-19 0.767082 1e-19 1e-19 1e-19 1e-19 1e-19 1e-19 1e-19 1e-19 1e-19 1e-19 1e-19 1e-19 1e-19 1e-19 1e-19 1e-19 1e-19 1e-19 1e-19 1e-19 1e-19 1e-19 1e-19 1e-19 1e-19 1e-19 1e-19 1e-19 1e-19 1e-19 1e-15 1e-19 1e-19 1e-19 1e-19 1e-19 1e-19 1e-19 1e-19 1e-19
0.227785  650 0.00270467 -0.240914 2.96281e-17 1e-19 1e-19 1e-19 1e-19 1e-19 0.232918 1e-19 1e-19 0.767082 1e-19 1e-19 1e-19 1e-19 1e-19 1e-19 1e-19 1e-19 1e-19 1e-19 1e-19 1e-19 1e-19 1e-19 1e-19 1e-19 1e-19 1e-19 1e-19 1e-19 1e-19 1e-19 1e-19 1e-19 1e-19 1e-19 1e-19 1e-19 1e-19 1e-19 1e-15 1e-19 1e-19 1e-19 1e-19 1e-19 1e-19 1e-19 1e-19 1e-19
0.237001  650 0.00270467 -0.222541 2.96281e-17 1e-19 1e-19 1e-19 1e-19 1e-19 0.232918 1e-19 1e-19 0.767082 1e-19 1e-19 1e-19 1e-19 1e-19 1e-19 1e-19 1e-19 1e-19 1e-19 1e-19 1e-19 1e-19 1e-19 1e-19 1e-19 1e-19 1e-19 1e-19 1e-19 1e-19 1e-19 1e-19 1e-19 1e-19 1e-19 1e-19 1e-19 1e-19 1e-19 1e-15 1e-19 1e-19 1e-19 1e-19 1e-19 1e-19 1e-19 1e-19 1e-19
0.246591  650 0.00270467 -0.205569 2.96281e-17 1e-19 1e-19 1e-19 1e-19 1e-19 0.232918 1e-19 1e-19 0.767082 1e-19 1e-19 1e-19 1e-19 1e-19 1e-19 1e-19 1e-19 1e-19 1e-19 1e-19 1e-19 1e-19 1e-19 1e-19 1e-19 1e-19 1e-19 1e-19 1e-19 1e-19 1e-19 1e-19 1e-19 1e-19 1e-19 1e-19 1e-19 1e-19 1e-19 1e-15 1e-19 1e-19 1e-19 1e-19 1e-19 1e-19 1e-19 1e-19 1e-19
0.256568  650 0.00270467 -0.189891 2.96281e-17 1e-19 1e-19 1e-19 1e-19 1e-19 0.232918 1e-19 1e-19 0.767082 1e-19 1e-19 1e-19 1e-19 1e-19 1e-19 1e-19 1e-19 1e-19 1e-19 1e-19 1e-19 1e-19 1e-19 1e-19 1e-19 1e-19 1e-19 1e-19 1e-19 1e-19 1e-19 1e-19 1e-19 1e-19 1e-19 1e-19 1e-19 1e-19 1e-19 1e-15 1e-19 1e-19 1e-19 1e-19 1e-19 1e-19 1e-19 1e-19 1e-19
0.26695  650 0.00270467 -0.175409 2.96281e-17 1e-19 1e-19 1e-19 1e-19 1e-19 0.232918 1e-19 1e-19 0.767082 1e-19 1e-19 1e-19 1e-19 1e-19 1e-19 1e-19 1e-19 1e-19 1e-19 1e-19 1e-19 1e-19 1e-19 1e-19 1e-19 1e-19 1e-19 1e-19 1e-19 1e-19 1e-19 1e-19 1e-19 1e-19 1e-19 1e-19 1e-19 1e-19 1e-19 1e-15 1e-19 1e-19 1e-19 1e-19 1e-19 1e-19 1e-19 1e-19 1e-19
0.277751  650 0.00270467 -0.162031 2.96281e-17 1e-19 1e-19 1e-19 1e-19 1e-19 0.232918 1e-19 1e-19 0.767082 1e-19 1e-19 1e-19 1e-19 1e-19 1e-19 1e-19 1e-19 1e-19 1e-19 1e-19 1e-19 1e-19 1e-19 1e-19 1e-19 1e-19 1e-19 1e-19 1e-19 1e-19 1e-19 1e-19 1e-19 1e-19 1e-19 1e-19 1e-19 1e-19 1e-19 1e-15 1e-19 1e-19 1e-19 1e-19 1e-19 1e-19 1e-19 1e-19 1e-19
0.28899  650 0.00270467 -0.149674 2.96281e-17 1e-19 1e-19 1e-19 1e-19 1e-19 0.232918 1e-19 1e-19 0.767082 1e-19 1e-19 1e-19 1e-19 1e-19 1e-19 1e-19 1e-19 1e-19 1e-19 1e-19 1e-19 1e-19 1e-19 1e-19 1e-19 1e-19 1e-19 1e-19 1e-19 1e-19 1e-19 1e-19 1e-19 1e-19 1e-19 1e-19 1e-19 1e-19 1e-19 1e-15 1e-19 1e-19 1e-19 1e-19 1e-19 1e-19 1e-19 1e-19 1e-19
0.300683  650 0.00270467 -0.138259 2.96281e-17 1e-19 1e-19 1e-19 1e-19 1e-19 0.232918 1e-19 1e-19 0.767082 1e-19 1e-19 1e-19 1e-19 1e-19 1e-19 1e-19 1e-19 1e-19 1e-19 1e-19 1e-19 1e-19 1e-19 1e-19 1e-19 1e-19 1e-19 1e-19 1e-19 1e-19 1e-19 1e-19 1e-19 1e-19 1e-19 1e-19 1e-19 1e-19 1e-19 1e-15 1e-19 1e-19 1e-19 1e-19 1e-19 1e-19 1e-19 1e-19 1e-19
0.312849  650 0.00270467 -0.127715 2.96281e-17 1e-19 1e-19 1e-19 1e-19 1e-19 0.232918 1e-19 1e-19 0.767082 1e-19 1e-19 1e-19 1e-19 1e-19 1e-19 1e-19 1e-19 1e-19 1e-19 1e-19 1e-19 1e-19 1e-19 1e-19 1e-19 1e-19 1e-19 1e-19 1e-19 1e-19 1e-19 1e-19 1e-19 1e-19 1e-19 1e-19 1e-19 1e-19 1e-19 1e-15 1e-19 1e-19 1e-19 1e-19 1e-19 1e-19 1e-19 1e-19 1e-19
0.325508  650 0.00270467 -0.117974 2.96281e-17 1e-19 1e-19 1e-19 1e-19 1e-19 0.232918 1e-19 1e-19 0.767082 1e-19 1e-19 1e-19 1e-19 1e-19 1e-19 1e-19 1e-19 1e-19 1e-19 1e-19 1e-19 1e-19 1e-19 1e-19 1e-19 1e-19 1e-19 1e-19 1e-19 1e-19 1e-19 1e-19 1e-19 1e-19 1e-19 1e-19 1e-19 1e-19 1e-19 1e-15 1e-19 1e-19 1e-19 1e-19 1e-19 1e-19 1e-19 1e-19 1e-19
0.338679  650 0.00270467 -0.108977 2.96281e-17 1e-19 1e-19 1e-19 1e-19 1e-19 0.232918 1e-19 1e-19 0.767082 1e-19 1e-19 1e-19 1e-19 1e-19 1e-19 1e-19 1e-19 1e-19 1e-19 1e-19 1e-19 1e-19 1e-19 1e-19 1e-19 1e-19 1e-19 1e-19 1e-19 1e-19 1e-19 1e-19 1e-19 1e-19 1e-19 1e-19 1e-19 1e-19 1e-19 1e-15 1e-19 1e-19 1e-19 1e-19 1e-19 1e-19 1e-19 1e-19 1e-19
0.352382  650 0.00270467 -0.100666 2.96281e-17 1e-19 1e-19 1e-19 1e-19 1e-19 0.232918 1e-19 1e-19 0.767082 1e-19 1e-19 1e-19 1e-19 1e-19 1e-19 1e-19 1e-19 1e-19 1e-19 1e-19 1e-19 1e-19 1e-19 1e-19 1e-19 1e-19 1e-19 1e-19 1e-19 1e-19 1e-19 1e-19 1e-19 1e-19 1e-19 1e-19 1e-19 1e-19 1e-19 1e-15 1e-19 1e-19 1e-19 1e-19 1e-19 1e-19 1e-19 1e-19 1e-19
0.366641  650 0.00270467 -0.0929885 2.96281e-17 1e-19 1e-19 1e-19 1e-19 1e-19 0.232918 1e-19 1e-19 0.767082 1e-19 1e-19 1e-19 1e-19 1e-19 1e-19 1e-19 1e-19 1e-19 1e-19 1e-19 1e-19 1e-19 1e-19 1e-19 1e-19 1e-19 1e-19 1e-19 1e-19 1e-19 1e-19 1e-19 1e-19 1e-19 1e-19 1e-19 1e-19 1e-19 1e-19 1e-15 1e-19 1e-19 1e-19 1e-19 1e-19 1e-19 1e-19 1e-19 1e-19
0.381476  650 0.00270467 -0.0858967 2.96281e-17 1e-19 1e-19 1e-19 1e-19 1e-19 0.232918 1e-19 1e-19 0.767082 1e-19 1e-19 1e-19 1e-19 1e-19 1e-19 1e-19 1e-19 1e-19 1e-19 1e-19 1e-19 1e-19 1e-19 1e-19 1e-19 1e-19 1e-19 1e-19 1e-19 1e-19 1e-19 1e-19 1e-19 1e-19 1e-19 1e-19 1e-19 1e-19 1e-19 1e-15 1e-19 1e-19 1e-19 1e-19 1e-19 1e-19 1e-19 1e-19 1e-19
0.396911  650 0.00270467 -0.0793458 2.96281e-17 1e-19 1e-19 1e-19 1e-19 1e-19 0.232918 1e-19 1e-19 0.767082 1e-19 1e-19 1e-19 1e-19 1e-19 1e-19 1e-19 1e-19 1e-19 1e-19 1e-19 1e-19 1e-19 1e-19 1e-19 1e-19 1e-19 1e-19 1e-19 1e-19 1e-19 1e-19 1e-19 1e-19 1e-19 1e-19 1e-19 1e-19 1e-19 1e-19 1e-15 1e-19 1e-19 1e-19 1e-19 1e-19 1e-19 1e-19 1e-19 1e-19
0.412971  650 0.00270467 -0.0732945 2.96281e-17 1e-19 1e-19 1e-19 1e-19 1e-19 0.232918 1e-19 1e-19 0.767082 1e-19 1e-19 1e-19 1e-19 1e-19 1e-19 1e-19 1e-19 1e-19 1e-19 1e-19 1e-19 1e-19 1e-19 1e-19 1e-19 1e-19 1e-19 1e-19 1e-19 1e-19 1e-19 1e-19 1e-19 1e-19 1e-19 1e-19 1e-19 1e-19 1e-19 1e-15 1e-19 1e-19 1e-19 1e-19 1e-19 1e-19 1e-19 1e-19 1e-19
0.429681  650 0.00270467 -0.0677046 2.96281e-17 1e-19 1e-19 1e-19 1e-19 1e-19 0.232918 1e-19 1e-19 0.767082 1e-19 1e-19 1e-19 1e-19 1e-19 1e-19 1e-19 1e-19 1e-19 1e-19 1e-19 1e-19 1e-19 1e-19 1e-19 1e-19 1e-19 1e-19 1e-19 1e-19 1e-19 1e-19 1e-19 1e-19 1e-19 1e-19 1e-19 1e-19 1e-19 1e-19 1e-15 1e-19 1e-19 1e-19 1e-19 1e-19 1e-19 1e-19 1e-19 1e-19
0.447067  650 0.00270467 -0.0625411 2.96281e-17 1e-19 1e-19 1e-19 1e-19 1e-19 0.232918 1e-19 1e-19 0.767082 1e-19 1e-19 1e-19 1e-19 1e-19 1e-19 1e-19 1e-19 1e-19 1e-19 1e-19 1e-19 1e-19 1e-19 1e-19 1e-19 1e-19 1e-19 1e-19 1e-19 1e-19 1e-19 1e-19 1e-19 1e-19 1e-19 1e-19 1e-19 1e-19 1e-19 1e-15 1e-19 1e-19 1e-19 1e-19 1e-19 1e-19 1e-19 1e-19 1e-19
0.465156  650 0.00270467 -0.0577714 2.96281e-17 1e-19 1e-19 1e-19 1e-19 1e-19 0.232918 1e-19 1e-19 0.767082 1e-19 1e-19 1e-19 1e-19 1e-19 1e-19 1e-19 1e-19 1e-19 1e-19 1e-19 1e-19 1e-19 1e-19 1e-19 1e-19 1e-19 1e-19 1e-19 1e-19 1e-19 1e-19 1e-19 1e-19 1e-19 1e-19 1e-19 1e-19 1e-19 1e-19 1e-15 1e-19 1e-19 1e-19 1e-19 1e-19 1e-19 1e-19 1e-19 1e-19
0.483978  650 0.00270467 -0.0533655 2.96281e-17 1e-19 1e-19 1e-19 1e-19 1e-19 0.232918 1e-19 1e-19 0.767082 1e-19 1e-19 1e-19 1e-19 1e-19 1e-19 1e-19 1e-19 1e-19 1e-19 1e-19 1e-19 1e-19 1e-19 1e-19 1e-19 1e-19 1e-19 1e-19 1e-19 1e-19 1e-19 1e-19 1e-19 1e-19 1e-19 1e-19 1e-19 1e-19 1e-19 1e-15 1e-19 1e-19 1e-19 1e-19 1e-19 1e-19 1e-19 1e-19 1e-19
0.50356  650 0.00270467 -0.0492955 2.96281e-17 1e-19 1e-19 1e-19 1e-19 1e-19 0.232918 1e-19 1e-19 0.767082 1e-19 1e-19 1e-19 1e-19 1e-19 1e-19 1e-19 1e-19 1e-19 1e-19 1e-19 1e-19 1e-19 1e-19 1e-19 1e-19 1e-19 1e-19 1e-19 1e-19 1e-19 1e-19 1e-19 1e-19 1e-19 1e-19 1e-19 1e-19 1e-19 1e-19 1e-15 1e-19 1e-19 1e-19 1e-19 1e-19 1e-19 1e-19 1e-19 1e-19
0.523936  650 0.00270467 -0.045536 2.96281e-17 1e-19 1e-19 1e-19 1e-19 1e-19 0.232918 1e-19 1e-19 0.767082 1e-19 1e-19 1e-19 1e-19 1e-19 1e-19 1e-19 1e-19 1e-19 1e-19 1e-19 1e-19 1e-19 1e-19 1e-19 1e-19 1e-19 1e-19 1e-19 1e-19 1e-19 1e-19 1e-19 1e-19 1e-19 1e-19 1e-19 1e-19 1e-19 1e-19 1e-15 1e-19 1e-19 1e-19 1e-19 1e-19 1e-19 1e-19 1e-19 1e-19
0.545135  650 0.00270467 -0.0420632 2.96281e-17 1e-19 1e-19 1e-19 1e-19 1e-19 0.232918 1e-19 1e-19 0.767082 1e-19 1e-19 1e-19 1e-19 1e-19 1e-19 1e-19 1e-19 1e-19 1e-19 1e-19 1e-19 1e-19 1e-19 1e-19 1e-19 1e-19 1e-19 1e-19 1e-19 1e-19 1e-19 1e-19 1e-19 1e-19 1e-19 1e-19 1e-19 1e-19 1e-19 1e-15 1e-19 1e-19 1e-19 1e-19 1e-19 1e-19 1e-19 1e-19 1e-19
0.567193  650 0.00270467 -0.0388552 2.96281e-17 1e-19 1e-19 1e-19 1e-19 1e-19 0.232918 1e-19 1e-19 0.767082 1e-19 1e-19 1e-19 1e-19 1e-19 1e-19 1e-19 1e-19 1e-19 1e-19 1e-19 1e-19 1e-19 1e-19 1e-19 1e-19 1e-19 1e-19 1e-19 1e-19 1e-19 1e-19 1e-19 1e-19 1e-19 1e-19 1e-19 1e-19 1e-19 1e-19 1e-15 1e-19 1e-19 1e-19 1e-19 1e-19 1e-19 1e-19 1e-19 1e-19
0.590143  650 0.00270467 -0.0358919 2.96281e-17 1e-19 1e-19 1e-19 1e-19 1e-19 0.232918 1e-19 1e-19 0.767082 1e-19 1e-19 1e-19 1e-19 1e-19 1e-19 1e-19 1e-19 1e-19 1e-19 1e-19 1e-19 1e-19 1e-19 1e-19 1e-19 1e-19 1e-19 1e-19 1e-19 1e-19 1e-19 1e-19 1e-19 1e-19 1e-19 1e-19 1e-19 1e-19 1e-19 1e-15 1e-19 1e-19 1e-19 1e-19 1e-19 1e-19 1e-19 1e-19 1e-19
0.614021  650 0.00270467 -0.0331546 2.96281e-17 1e-19 1e-19 1e-19 1e-19 1e-19 0.232918 1e-19 1e-19 0.767082 1e-19 1e-19 1e-19 1e-19 1e-19 1e-19 1e-19 1e-19 1e-19 1e-19 1e-19 1e-19 1e-19 1e-19 1e-19 1e-19 1e-19 1e-19 1e-19 1e-19 1e-19 1e-19 1e-19 1e-19 1e-19 1e-19 1e-19 1e-19 1e-19 1e-19 1e-15 1e-19 1e-19 1e-19 1e-19 1e-19 1e-19 1e-19 1e-19 1e-19
0.638866  650 0.00270467 -0.0306261 2.96281e-17 1e-19 1e-19 1e-19 1e-19 1e-19 0.232918 1e-19 1e-19 0.767082 1e-19 1e-19 1e-19 1e-19 1e-19 1e-19 1e-19 1e-19 1e-19 1e-19 1e-19 1e-19 1e-19 1e-19 1e-19 1e-19 1e-19 1e-19 1e-19 1e-19 1e-19 1e-19 1e-19 1e-19 1e-19 1e-19 1e-19 1e-19 1e-19 1e-19 1e-15 1e-19 1e-19 1e-19 1e-19 1e-19 1e-19 1e-19 1e-19 1e-19
0.664716  650 0.00270467 -0.0282904 2.96281e-17 1e-19 1e-19 1e-19 1e-19 1e-19 0.232918 1e-19 1e-19 0.767082 1e-19 1e-19 1e-19 1e-19 1e-19 1e-19 1e-19 1e-19 1e-19 1e-19 1e-19 1e-19 1e-19 1e-19 1e-19 1e-19 1e-19 1e-19 1e-19 1e-19 1e-19 1e-19 1e-19 1e-19 1e-19 1e-19 1e-19 1e-19 1e-19 1e-19 1e-15 1e-19 1e-19 1e-19 1e-19 1e-19 1e-19 1e-19 1e-19 1e-19
0.691612  650 0.00270467 -0.0261328 2.96281e-17 1e-19 1e-19 1e-19 1e-19 1e-19 0.232918 1e-19 1e-19 0.767082 1e-19 1e-19 1e-19 1e-19 1e-19 1e-19 1e-19 1e-19 1e-19 1e-19 1e-19 1e-19 1e-19 1e-19 1e-19 1e-19 1e-19 1e-19 1e-19 1e-19 1e-19 1e-19 1e-19 1e-19 1e-19 1e-19 1e-19 1e-19 1e-19 1e-19 1e-15 1e-19 1e-19 1e-19 1e-19 1e-19 1e-19 1e-19 1e-19 1e-19
0.719596  650 0.00270467 -0.0241398 2.96281e-17 1e-19 1e-19 1e-19 1e-19 1e-19 0.232918 1e-19 1e-19 0.767082 1e-19 1e-19 1e-19 1e-19 1e-19 1e-19 1e-19 1e-19 1e-19 1e-19 1e-19 1e-19 1e-19 1e-19 1e-19 1e-19 1e-19 1e-19 1e-19 1e-19 1e-19 1e-19 1e-19 1e-19 1e-19 1e-19 1e-19 1e-19 1e-19 1e-19 1e-15 1e-19 1e-19 1e-19 1e-19 1e-19 1e-19 1e-19 1e-19 1e-19
0.748713  650 0.00270467 -0.0222987 2.96281e-17 1e-19 1e-19 1e-19 1e-19 1e-19 0.232918 1e-19 1e-19 0.767082 1e-19 1e-19 1e-19 1e-19 1e-19 1e-19 1e-19 1e-19 1e-19 1e-19 1e-19 1e-19 1e-19 1e-19 1e-19 1e-19 1e-19 1e-19 1e-19 1e-19 1e-19 1e-19 1e-19 1e-19 1e-19 1e-19 1e-19 1e-19 1e-19 1e-19 1e-15 1e-19 1e-19 1e-19 1e-19 1e-19 1e-19 1e-19 1e-19 1e-19
0.779007  650 0.00270467 -0.0205981 2.96281e-17 1e-19 1e-19 1e-19 1e-19 1e-19 0.232918 1e-19 1e-19 0.767082 1e-19 1e-19 1e-19 1e-19 1e-19 1e-19 1e-19 1e-19 1e-19 1e-19 1e-19 1e-19 1e-19 1e-19 1e-19 1e-19 1e-19 1e-19 1e-19 1e-19 1e-19 1e-19 1e-19 1e-19 1e-19 1e-19 1e-19 1e-19 1e-19 1e-19 1e-15 1e-19 1e-19 1e-19 1e-19 1e-19 1e-19 1e-19 1e-19 1e-19
0.810528  650 0.00270467 -0.0190272 2.96281e-17 1e-19 1e-19 1e-19 1e-19 1e-19 0.232918 1e-19 1e-19 0.767082 1e-19 1e-19 1e-19 1e-19 1e-19 1e-19 1e-19 1e-19 1e-19 1e-19 1e-19 1e-19 1e-19 1e-19 1e-19 1e-19 1e-19 1e-19 1e-19 1e-19 1e-19 1e-19 1e-19 1e-19 1e-19 1e-19 1e-19 1e-19 1e-19 1e-19 1e-15 1e-19 1e-19 1e-19 1e-19 1e-19 1e-19 1e-19 1e-19 1e-19
0.843324  650 0.00270467 -0.0175761 2.96281e-17 1e-19 1e-19 1e-19 1e-19 1e-19 0.232918 1e-19 1e-19 0.767082 1e-19 1e-19 1e-19 1e-19 1e-19 1e-19 1e-19 1e-19 1e-19 1e-19 1e-19 1e-19 1e-19 1e-19 1e-19 1e-19 1e-19 1e-19 1e-19 1e-19 1e-19 1e-19 1e-19 1e-19 1e-19 1e-19 1e-19 1e-19 1e-19 1e-19 1e-15 1e-19 1e-19 1e-19 1e-19 1e-19 1e-19 1e-19 1e-19 1e-19
0.877447  650 0.00270467 -0.0162356 2.96281e-17 1e-19 1e-19 1e-19 1e-19 1e-19 0.232918 1e-19 1e-19 0.767082 1e-19 1e-19 1e-19 1e-19 1e-19 1e-19 1e-19 1e-19 1e-19 1e-19 1e-19 1e-19 1e-19 1e-19 1e-19 1e-19 1e-19 1e-19 1e-19 1e-19 1e-19 1e-19 1e-19 1e-19 1e-19 1e-19 1e-19 1e-19 1e-19 1e-19 1e-15 1e-19 1e-19 1e-19 1e-19 1e-19 1e-19 1e-19 1e-19 1e-19
0.91295  650 0.00270467 -0.0149974 2.96281e-17 1e-19 1e-19 1e-19 1e-19 1e-19 0.232918 1e-19 1e-19 0.767082 1e-19 1e-19 1e-19 1e-19 1e-19 1e-19 1e-19 1e-19 1e-19 1e-19 1e-19 1e-19 1e-19 1e-19 1e-19 1e-19 1e-19 1e-19 1e-19 1e-19 1e-19 1e-19 1e-19 1e-19 1e-19 1e-19 1e-19 1e-19 1e-19 1e-19 1e-15 1e-19 1e-19 1e-19 1e-19 1e-19 1e-19 1e-19 1e-19 1e-19
0.94989  650 0.00270467 -0.0138536 2.96281e-17 1e-19 1e-19 1e-19 1e-19 1e-19 0.232918 1e-19 1e-19 0.767082 1e-19 1e-19 1e-19 1e-19 1e-19 1e-19 1e-19 1e-19 1e-19 1e-19 1e-19 1e-19 1e-19 1e-19 1e-19 1e-19 1e-19 1e-19 1e-19 1e-19 1e-19 1e-19 1e-19 1e-19 1e-19 1e-19 1e-19 1e-19 1e-19 1e-19 1e-15 1e-19 1e-19 1e-19 1e-19 1e-19 1e-19 1e-19 1e-19 1e-19
0.988325  650 0.00270467 -0.0127971 2.96281e-17 1e-19 1e-19 1e-19 1e-19 1e-19 0.232918 1e-19 1e-19 0.767082 1e-19 1e-19 1e-19 1e-19 1e-19 1e-19 1e-19 1e-19 1e-19 1e-19 1e-19 1e-19 1e-19 1e-19 1e-19 1e-19 1e-19 1e-19 1e-19 1e-19 1e-19 1e-19 1e-19 1e-19 1e-19 1e-19 1e-19 1e-19 1e-19 1e-19 1e-15 1e-19 1e-19 1e-19 1e-19 1e-19 1e-19 1e-19 1e-19 1e-19
1.02831  650 0.00270467 -0.0118211 2.96281e-17 1e-19 1e-19 1e-19 1e-19 1e-19 0.232918 1e-19 1e-19 0.767082 1e-19 1e-19 1e-19 1e-19 1e-19 1e-19 1e-19 1e-19 1e-19 1e-19 1e-19 1e-19 1e-19 1e-19 1e-19 1e-19 1e-19 1e-19 1e-19 1e-19 1e-19 1e-19 1e-19 1e-19 1e-19 1e-19 1e-19 1e-19 1e-19 1e-19 1e-15 1e-19 1e-19 1e-19 1e-19 1e-19 1e-19 1e-19 1e-19 1e-19
1.06992  650 0.00270467 -0.0109196 2.96281e-17 1e-19 1e-19 1e-19 1e-19 1e-19 0.232918 1e-19 1e-19 0.767082 1e-19 1e-19 1e-19 1e-19 1e-19 1e-19 1e-19 1e-19 1e-19 1e-19 1e-19 1e-19 1e-19 1e-19 1e-19 1e-19 1e-19 1e-19 1e-19 1e-19 1e-19 1e-19 1e-19 1e-19 1e-19 1e-19 1e-19 1e-19 1e-19 1e-19 1e-15 1e-19 1e-19 1e-19 1e-19 1e-19 1e-19 1e-19 1e-19 1e-19
1.11321  650 0.00270467 -0.0100868 2.96281e-17 1e-19 1e-19 1e-19 1e-19 1e-19 0.232918 1e-19 1e-19 0.767082 1e-19 1e-19 1e-19 1e-19 1e-19 1e-19 1e-19 1e-19 1e-19 1e-19 1e-19 1e-19 1e-19 1e-19 1e-19 1e-19 1e-19 1e-19 1e-19 1e-19 1e-19 1e-19 1e-19 1e-19 1e-19 1e-19 1e-19 1e-19 1e-19 1e-19 1e-15 1e-19 1e-19 1e-19 1e-19 1e-19 1e-19 1e-19 1e-19 1e-19
1.15826  650 0.00270467 -0.00931751 2.96281e-17 1e-19 1e-19 1e-19 1e-19 1e-19 0.232918 1e-19 1e-19 0.767082 1e-19 1e-19 1e-19 1e-19 1e-19 1e-19 1e-19 1e-19 1e-19 1e-19 1e-19 1e-19 1e-19 1e-19 1e-19 1e-19 1e-19 1e-19 1e-19 1e-19 1e-19 1e-19 1e-19 1e-19 1e-19 1e-19 1e-19 1e-19 1e-19 1e-19 1e-15 1e-19 1e-19 1e-19 1e-19 1e-19 1e-19 1e-19 1e-19 1e-19
1.20512  650 0.00270467 -0.00860691 2.96281e-17 1e-19 1e-19 1e-19 1e-19 1e-19 0.232918 1e-19 1e-19 0.767082 1e-19 1e-19 1e-19 1e-19 1e-19 1e-19 1e-19 1e-19 1e-19 1e-19 1e-19 1e-19 1e-19 1e-19 1e-19 1e-19 1e-19 1e-19 1e-19 1e-19 1e-19 1e-19 1e-19 1e-19 1e-19 1e-19 1e-19 1e-19 1e-19 1e-19 1e-15 1e-19 1e-19 1e-19 1e-19 1e-19 1e-19 1e-19 1e-19 1e-19
1.25389  650 0.00270467 -0.0079505 2.96281e-17 1e-19 1e-19 1e-19 1e-19 1e-19 0.232918 1e-19 1e-19 0.767082 1e-19 1e-19 1e-19 1e-19 1e-19 1e-19 1e-19 1e-19 1e-19 1e-19 1e-19 1e-19 1e-19 1e-19 1e-19 1e-19 1e-19 1e-19 1e-19 1e-19 1e-19 1e-19 1e-19 1e-19 1e-19 1e-19 1e-19 1e-19 1e-19 1e-19 1e-15 1e-19 1e-19 1e-19 1e-19 1e-19 1e-19 1e-19 1e-19 1e-19
1.30462  650 0.00270467 -0.00734416 2.96281e-17 1e-19 1e-19 1e-19 1e-19 1e-19 0.232918 1e-19 1e-19 0.767082 1e-19 1e-19 1e-19 1e-19 1e-19 1e-19 1e-19 1e-19 1e-19 1e-19 1e-19 1e-19 1e-19 1e-19 1e-19 1e-19 1e-19 1e-19 1e-19 1e-19 1e-19 1e-19 1e-19 1e-19 1e-19 1e-19 1e-19 1e-19 1e-19 1e-19 1e-15 1e-19 1e-19 1e-19 1e-19 1e-19 1e-19 1e-19 1e-19 1e-19
1.35741  650 0.00270467 -0.00678405 2.96281e-17 1e-19 1e-19 1e-19 1e-19 1e-19 0.232918 1e-19 1e-19 0.767082 1e-19 1e-19 1e-19 1e-19 1e-19 1e-19 1e-19 1e-19 1e-19 1e-19 1e-19 1e-19 1e-19 1e-19 1e-19 1e-19 1e-19 1e-19 1e-19 1e-19 1e-19 1e-19 1e-19 1e-19 1e-19 1e-19 1e-19 1e-19 1e-19 1e-19 1e-15 1e-19 1e-19 1e-19 1e-19 1e-19 1e-19 1e-19 1e-19 1e-19
1.41233  650 0.00270467 -0.00626666 2.96281e-17 1e-19 1e-19 1e-19 1e-19 1e-19 0.232918 1e-19 1e-19 0.767082 1e-19 1e-19 1e-19 1e-19 1e-19 1e-19 1e-19 1e-19 1e-19 1e-19 1e-19 1e-19 1e-19 1e-19 1e-19 1e-19 1e-19 1e-19 1e-19 1e-19 1e-19 1e-19 1e-19 1e-19 1e-19 1e-19 1e-19 1e-19 1e-19 1e-19 1e-15 1e-19 1e-19 1e-19 1e-19 1e-19 1e-19 1e-19 1e-19 1e-19
1.46948  650 0.00270467 -0.00578873 2.96281e-17 1e-19 1e-19 1e-19 1e-19 1e-19 0.232918 1e-19 1e-19 0.767082 1e-19 1e-19 1e-19 1e-19 1e-19 1e-19 1e-19 1e-19 1e-19 1e-19 1e-19 1e-19 1e-19 1e-19 1e-19 1e-19 1e-19 1e-19 1e-19 1e-19 1e-19 1e-19 1e-19 1e-19 1e-19 1e-19 1e-19 1e-19 1e-19 1e-19 1e-15 1e-19 1e-19 1e-19 1e-19 1e-19 1e-19 1e-19 1e-19 1e-19
1.52894  650 0.00270467 -0.00534725 2.96281e-17 1e-19 1e-19 1e-19 1e-19 1e-19 0.232918 1e-19 1e-19 0.767082 1e-19 1e-19 1e-19 1e-19 1e-19 1e-19 1e-19 1e-19 1e-19 1e-19 1e-19 1e-19 1e-19 1e-19 1e-19 1e-19 1e-19 1e-19 1e-19 1e-19 1e-19 1e-19 1e-19 1e-19 1e-19 1e-19 1e-19 1e-19 1e-19 1e-19 1e-15 1e-19 1e-19 1e-19 1e-19 1e-19 1e-19 1e-19 1e-19 1e-19
1.5908  650 0.00270467 -0.00493944 2.96281e-17 1e-19 1e-19 1e-19 1e-19 1e-19 0.232918 1e-19 1e-19 0.767082 1e-19 1e-19 1e-19 1e-19 1e-19 1e-19 1e-19 1e-19 1e-19 1e-19 1e-19 1e-19 1e-19 1e-19 1e-19 1e-19 1e-19 1e-19 1e-19 1e-19 1e-19 1e-19 1e-19 1e-19 1e-19 1e-19 1e-19 1e-19 1e-19 1e-19 1e-15 1e-19 1e-19 1e-19 1e-19 1e-19 1e-19 1e-19 1e-19 1e-19
1.65517  650 0.00270467 -0.00456274 2.96281e-17 1e-19 1e-19 1e-19 1e-19 1e-19 0.232918 1e-19 1e-19 0.767082 1e-19 1e-19 1e-19 1e-19 1e-19 1e-19 1e-19 1e-19 1e-19 1e-19 1e-19 1e-19 1e-19 1e-19 1e-19 1e-19 1e-19 1e-19 1e-19 1e-19 1e-19 1e-19 1e-19 1e-19 1e-19 1e-19 1e-19 1e-19 1e-19 1e-19 1e-15 1e-19 1e-19 1e-19 1e-19 1e-19 1e-19 1e-19 1e-19 1e-19
1.72214  650 0.00270467 -0.00421476 2.96281e-17 1e-19 1e-19 1e-19 1e-19 1e-19 0.232918 1e-19 1e-19 0.767082 1e-19 1e-19 1e-19 1e-19 1e-19 1e-19 1e-19 1e-19 1e-19 1e-19 1e-19 1e-19 1e-19 1e-19 1e-19 1e-19 1e-19 1e-19 1e-19 1e-19 1e-19 1e-19 1e-19 1e-19 1e-19 1e-19 1e-19 1e-19 1e-19 1e-19 1e-15 1e-19 1e-19 1e-19 1e-19 1e-19 1e-19 1e-19 1e-19 1e-19
1.79182  650 0.00270467 -0.00389332 2.96281e-17 1e-19 1e-19 1e-19 1e-19 1e-19 0.232918 1e-19 1e-19 0.767082 1e-19 1e-19 1e-19 1e-19 1e-19 1e-19 1e-19 1e-19 1e-19 1e-19 1e-19 1e-19 1e-19 1e-19 1e-19 1e-19 1e-19 1e-19 1e-19 1e-19 1e-19 1e-19 1e-19 1e-19 1e-19 1e-19 1e-19 1e-19 1e-19 1e-19 1e-15 1e-19 1e-19 1e-19 1e-19 1e-19 1e-19 1e-19 1e-19 1e-19
1.86433  650 0.00270467 -0.00359639 2.96281e-17 1e-19 1e-19 1e-19 1e-19 1e-19 0.232918 1e-19 1e-19 0.767082 1e-19 1e-19 1e-19 1e-19 1e-19 1e-19 1e-19 1e-19 1e-19 1e-19 1e-19 1e-19 1e-19 1e-19 1e-19 1e-19 1e-19 1e-19 1e-19 1e-19 1e-19 1e-19 1e-19 1e-19 1e-19 1e-19 1e-19 1e-19 1e-19 1e-19 1e-15 1e-19 1e-19 1e-19 1e-19 1e-19 1e-19 1e-19 1e-19 1e-19
1.93976  650 0.00270467 -0.00332211 2.96281e-17 1e-19 1e-19 1e-19 1e-19 1e-19 0.232918 1e-19 1e-19 0.767082 1e-19 1e-19 1e-19 1e-19 1e-19 1e-19 1e-19 1e-19 1e-19 1e-19 1e-19 1e-19 1e-19 1e-19 1e-19 1e-19 1e-19 1e-19 1e-19 1e-19 1e-19 1e-19 1e-19 1e-19 1e-19 1e-19 1e-19 1e-19 1e-19 1e-19 1e-15 1e-19 1e-19 1e-19 1e-19 1e-19 1e-19 1e-19 1e-19 1e-19
2.01825  650 0.00270467 -0.00306875 2.96281e-17 1e-19 1e-19 1e-19 1e-19 1e-19 0.232918 1e-19 1e-19 0.767082 1e-19 1e-19 1e-19 1e-19 1e-19 1e-19 1e-19 1e-19 1e-19 1e-19 1e-19 1e-19 1e-19 1e-19 1e-19 1e-19 1e-19 1e-19 1e-19 1e-19 1e-19 1e-19 1e-19 1e-19 1e-19 1e-19 1e-19 1e-19 1e-19 1e-19 1e-15 1e-19 1e-19 1e-19 1e-19 1e-19 1e-19 1e-19 1e-19 1e-19
2.09991  650 0.00270467 -0.00283471 2.96281e-17 1e-19 1e-19 1e-19 1e-19 1e-19 0.232918 1e-19 1e-19 0.767082 1e-19 1e-19 1e-19 1e-19 1e-19 1e-19 1e-19 1e-19 1e-19 1e-19 1e-19 1e-19 1e-19 1e-19 1e-19 1e-19 1e-19 1e-19 1e-19 1e-19 1e-19 1e-19 1e-19 1e-19 1e-19 1e-19 1e-19 1e-19 1e-19 1e-19 1e-15 1e-19 1e-19 1e-19 1e-19 1e-19 1e-19 1e-19 1e-19 1e-19
2.18488  650 0.00270467 -0.00261852 2.96281e-17 1e-19 1e-19 1e-19 1e-19 1e-19 0.232918 1e-19 1e-19 0.767082 1e-19 1e-19 1e-19 1e-19 1e-19 1e-19 1e-19 1e-19 1e-19 1e-19 1e-19 1e-19 1e-19 1e-19 1e-19 1e-19 1e-19 1e-19 1e-19 1e-19 1e-19 1e-19 1e-19 1e-19 1e-19 1e-19 1e-19 1e-19 1e-19 1e-19 1e-15 1e-19 1e-19 1e-19 1e-19 1e-19 1e-19 1e-19 1e-19 1e-19
2.27328  650 0.00270467 -0.00241882 2.96281e-17 1e-19 1e-19 1e-19 1e-19 1e-19 0.232918 1e-19 1e-19 0.767082 1e-19 1e-19 1e-19 1e-19 1e-19 1e-19 1e-19 1e-19 1e-19 1e-19 1e-19 1e-19 1e-19 1e-19 1e-19 1e-19 1e-19 1e-19 1e-19 1e-19 1e-19 1e-19 1e-19 1e-19 1e-19 1e-19 1e-19 1e-19 1e-19 1e-19 1e-15 1e-19 1e-19 1e-19 1e-19 1e-19 1e-19 1e-19 1e-19 1e-19
2.36527  650 0.00270467 -0.00223435 2.96281e-17 1e-19 1e-19 1e-19 1e-19 1e-19 0.232918 1e-19 1e-19 0.767082 1e-19 1e-19 1e-19 1e-19 1e-19 1e-19 1e-19 1e-19 1e-19 1e-19 1e-19 1e-19 1e-19 1e-19 1e-19 1e-19 1e-19 1e-19 1e-19 1e-19 1e-19 1e-19 1e-19 1e-19 1e-19 1e-19 1e-19 1e-19 1e-19 1e-19 1e-15 1e-19 1e-19 1e-19 1e-19 1e-19 1e-19 1e-19 1e-19 1e-19
2.46097  650 0.00270467 -0.00206394 2.96281e-17 1e-19 1e-19 1e-19 1e-19 1e-19 0.232918 1e-19 1e-19 0.767082 1e-19 1e-19 1e-19 1e-19 1e-19 1e-19 1e-19 1e-19 1e-19 1e-19 1e-19 1e-19 1e-19 1e-19 1e-19 1e-19 1e-19 1e-19 1e-19 1e-19 1e-19 1e-19 1e-19 1e-19 1e-19 1e-19 1e-19 1e-19 1e-19 1e-19 1e-15 1e-19 1e-19 1e-19 1e-19 1e-19 1e-19 1e-19 1e-19 1e-19
2.56055  650 0.00270467 -0.00190654 2.96281e-17 1e-19 1e-19 1e-19 1e-19 1e-19 0.232918 1e-19 1e-19 0.767082 1e-19 1e-19 1e-19 1e-19 1e-19 1e-19 1e-19 1e-19 1e-19 1e-19 1e-19 1e-19 1e-19 1e-19 1e-19 1e-19 1e-19 1e-19 1e-19 1e-19 1e-19 1e-19 1e-19 1e-19 1e-19 1e-19 1e-19 1e-19 1e-19 1e-19 1e-15 1e-19 1e-19 1e-19 1e-19 1e-19 1e-19 1e-19 1e-19 1e-19
2.66415  650 0.00270467 -0.00176113 2.96281e-17 1e-19 1e-19 1e-19 1e-19 1e-19 0.232918 1e-19 1e-19 0.767082 1e-19 1e-19 1e-19 1e-19 1e-19 1e-19 1e-19 1e-19 1e-19 1e-19 1e-19 1e-19 1e-19 1e-19 1e-19 1e-19 1e-19 1e-19 1e-19 1e-19 1e-19 1e-19 1e-19 1e-19 1e-19 1e-19 1e-19 1e-19 1e-19 1e-19 1e-15 1e-19 1e-19 1e-19 1e-19 1e-19 1e-19 1e-19 1e-19 1e-19
2.77195  650 0.00270467 -0.00162682 2.96281e-17 1e-19 1e-19 1e-19 1e-19 1e-19 0.232918 1e-19 1e-19 0.767082 1e-19 1e-19 1e-19 1e-19 1e-19 1e-19 1e-19 1e-19 1e-19 1e-19 1e-19 1e-19 1e-19 1e-19 1e-19 1e-19 1e-19 1e-19 1e-19 1e-19 1e-19 1e-19 1e-19 1e-19 1e-19 1e-19 1e-19 1e-19 1e-19 1e-19 1e-15 1e-19 1e-19 1e-19 1e-19 1e-19 1e-19 1e-19 1e-19 1e-19
2.88411  650 0.00270467 -0.00150275 2.96281e-17 1e-19 1e-19 1e-19 1e-19 1e-19 0.232918 1e-19 1e-19 0.767082 1e-19 1e-19 1e-19 1e-19 1e-19 1e-19 1e-19 1e-19 1e-19 1e-19 1e-19 1e-19 1e-19 1e-19 1e-19 1e-19 1e-19 1e-19 1e-19 1e-19 1e-19 1e-19 1e-19 1e-19 1e-19 1e-19 1e-19 1e-19 1e-19 1e-19 1e-15 1e-19 1e-19 1e-19 1e-19 1e-19 1e-19 1e-19 1e-19 1e-19
3.00081  650 0.00270467 -0.00138814 2.96281e-17 1e-19 1e-19 1e-19 1e-19 1e-19 0.232918 1e-19 1e-19 0.767082 1e-19 1e-19 1e-19 1e-19 1e-19 1e-19 1e-19 1e-19 1e-19 1e-19 1e-19 1e-19 1e-19 1e-19 1e-19 1e-19 1e-19 1e-19 1e-19 1e-19 1e-19 1e-19 1e-19 1e-19 1e-19 1e-19 1e-19 1e-19 1e-19 1e-19 1e-15 1e-19 1e-19 1e-19 1e-19 1e-19 1e-19 1e-19 1e-19 1e-19
3.12223  650 0.00270467 -0.00128227 2.96281e-17 1e-19 1e-19 1e-19 1e-19 1e-19 0.232918 1e-19 1e-19 0.767082 1e-19 1e-19 1e-19 1e-19 1e-19 1e-19 1e-19 1e-19 1e-19 1e-19 1e-19 1e-19 1e-19 1e-19 1e-19 1e-19 1e-19 1e-19 1e-19 1e-19 1e-19 1e-19 1e-19 1e-19 1e-19 1e-19 1e-19 1e-19 1e-19 1e-19 1e-15 1e-19 1e-19 1e-19 1e-19 1e-19 1e-19 1e-19 1e-19 1e-19
3.24856  650 0.00270467 -0.00118448 2.96281e-17 1e-19 1e-19 1e-19 1e-19 1e-19 0.232918 1e-19 1e-19 0.767082 1e-19 1e-19 1e-19 1e-19 1e-19 1e-19 1e-19 1e-19 1e-19 1e-19 1e-19 1e-19 1e-19 1e-19 1e-19 1e-19 1e-19 1e-19 1e-19 1e-19 1e-19 1e-19 1e-19 1e-19 1e-19 1e-19 1e-19 1e-19 1e-19 1e-19 1e-15 1e-19 1e-19 1e-19 1e-19 1e-19 1e-19 1e-19 1e-19 1e-19
3.38  650 0.00270467 -0.00109415 2.96281e-17 1e-19 1e-19 1e-19 1e-19 1e-19 0.232918 1e-19 1e-19 0.767082 1e-19 1e-19 1e-19 1e-19 1e-19 1e-19 1e-19 1e-19 1e-19 1e-19 1e-19 1e-19 1e-19 1e-19 1e-19 1e-19 1e-19 1e-19 1e-19 1e-19 1e-19 1e-19 1e-19 1e-19 1e-19 1e-19 1e-19 1e-19 1e-19 1e-19 1e-15 1e-19 1e-19 1e-19 1e-19 1e-19 1e-19 1e-19 1e-19 1e-19
3.51677  650 0.00270467 -0.0010107 2.96281e-17 1e-19 1e-19 1e-19 1e-19 1e-19 0.232918 1e-19 1e-19 0.767082 1e-19 1e-19 1e-19 1e-19 1e-19 1e-19 1e-19 1e-19 1e-19 1e-19 1e-19 1e-19 1e-19 1e-19 1e-19 1e-19 1e-19 1e-19 1e-19 1e-19 1e-19 1e-19 1e-19 1e-19 1e-19 1e-19 1e-19 1e-19 1e-19 1e-19 1e-15 1e-19 1e-19 1e-19 1e-19 1e-19 1e-19 1e-19 1e-19 1e-19
3.65906  650 0.00270467 -0.0010107 2.96281e-17 1e-19 1e-19 1e-19 1e-19 1e-19 0.232918 1e-19 1e-19 0.767082 1e-19 1e-19 1e-19 1e-19 1e-19 1e-19 1e-19 1e-19 1e-19 1e-19 1e-19 1e-19 1e-19 1e-19 1e-19 1e-19 1e-19 1e-19 1e-19 1e-19 1e-19 1e-19 1e-19 1e-19 1e-19 1e-19 1e-19 1e-19 1e-19 1e-19 1e-15 1e-19 1e-19 1e-19 1e-19 1e-19 1e-19 1e-19 1e-19 1e-19
