TITLE="Graphics"
VARIABLES= "r, cm", "T, K", "rho, g/cm3", "u, cm/s", "vel, cm/s", "Y_AR", "Y_HE", "Y_H", "Y_H2", "Y_O", "Y_O2", "Y_OH", "Y_H2O", "Y_N2", "Y_HO2", "Y_H2O2", "Y_CO", "Y_CO2", "Y_CH2O", "Y_HCO", "Y_CH3OH", "Y_CH2OH", "Y_CH3O", "Y_CH3O2", "Y_CH4", "Y_CH3", "Y_CH2", "Y_CH2(S)", "Y_C2H6", "Y_C2H5O2", "Y_C2H5", "Y_C2H4", "Y_C2H3", "Y_C2H2", "Y_CH2CHO", "Y_CH2CO", "Y_HCCO", "Y_NC3H7", "Y_C3H6", "Y_C3H5-A", "Y_C3H5O", "Y_C3H4-A", "Y_NC3H7O2", "Y_C2H3CHO", "Y_NC7H16", "Y_C7H15", "Y_C7H15O2", "Y_C7H14OOH", "Y_C7H14", "Y_C7H14OOHO2", "Y_NC7KET", "Y_C7H14O", "Y_NC3H7CHO", "Y_NC3H7CO"
0  0 0 0 0 0 0 0 0 0 0 0 0 0 0 0 0 0 0 0 0 0 0 0 0 0 0 0 0 0 0 0 0 0 0 0 0 0 0 0 0 0 0 0 0 0 0 0 0 0 0 0 0 0
0.0007  0 0 0 0 0 0 0 0 0 0 0 0 0 0 0 0 0 0 0 0 0 0 0 0 0 0 0 0 0 0 0 0 0 0 0 0 0 0 0 0 0 0 0 0 0 0 0 0 0 0 0 0 0
0.0014  0 0 0 0 0 0 0 0 0 0 0 0 0 0 0 0 0 0 0 0 0 0 0 0 0 0 0 0 0 0 0 0 0 0 0 0 0 0 0 0 0 0 0 0 0 0 0 0 0 0 0 0 0
0.0021  0 0 0 0 0 0 0 0 0 0 0 0 0 0 0 0 0 0 0 0 0 0 0 0 0 0 0 0 0 0 0 0 0 0 0 0 0 0 0 0 0 0 0 0 0 0 0 0 0 0 0 0 0
0.0028  0 0 0 0 0 0 0 0 0 0 0 0 0 0 0 0 0 0 0 0 0 0 0 0 0 0 0 0 0 0 0 0 0 0 0 0 0 0 0 0 0 0 0 0 0 0 0 0 0 0 0 0 0
0.0035  0 0 0 0 0 0 0 0 0 0 0 0 0 0 0 0 0 0 0 0 0 0 0 0 0 0 0 0 0 0 0 0 0 0 0 0 0 0 0 0 0 0 0 0 0 0 0 0 0 0 0 0 0
0.0042  0 0 0 0 0 0 0 0 0 0 0 0 0 0 0 0 0 0 0 0 0 0 0 0 0 0 0 0 0 0 0 0 0 0 0 0 0 0 0 0 0 0 0 0 0 0 0 0 0 0 0 0 0
0.0049  0 0 0 0 0 0 0 0 0 0 0 0 0 0 0 0 0 0 0 0 0 0 0 0 0 0 0 0 0 0 0 0 0 0 0 0 0 0 0 0 0 0 0 0 0 0 0 0 0 0 0 0 0
0.0056  0 0 0 0 0 0 0 0 0 0 0 0 0 0 0 0 0 0 0 0 0 0 0 0 0 0 0 0 0 0 0 0 0 0 0 0 0 0 0 0 0 0 0 0 0 0 0 0 0 0 0 0 0
0.0063  0 0 0 0 0 0 0 0 0 0 0 0 0 0 0 0 0 0 0 0 0 0 0 0 0 0 0 0 0 0 0 0 0 0 0 0 0 0 0 0 0 0 0 0 0 0 0 0 0 0 0 0 0
0.007  0 0 0 0 0 0 0 0 0 0 0 0 0 0 0 0 0 0 0 0 0 0 0 0 0 0 0 0 0 0 0 0 0 0 0 0 0 0 0 0 0 0 0 0 0 0 0 0 0 0 0 0 0
0.0077  0 0 0 0 0 0 0 0 0 0 0 0 0 0 0 0 0 0 0 0 0 0 0 0 0 0 0 0 0 0 0 0 0 0 0 0 0 0 0 0 0 0 0 0 0 0 0 0 0 0 0 0 0
0.0084  0 0 0 0 0 0 0 0 0 0 0 0 0 0 0 0 0 0 0 0 0 0 0 0 0 0 0 0 0 0 0 0 0 0 0 0 0 0 0 0 0 0 0 0 0 0 0 0 0 0 0 0 0
0.0091  0 0 0 0 0 0 0 0 0 0 0 0 0 0 0 0 0 0 0 0 0 0 0 0 0 0 0 0 0 0 0 0 0 0 0 0 0 0 0 0 0 0 0 0 0 0 0 0 0 0 0 0 0
0.0098  0 0 0 0 0 0 0 0 0 0 0 0 0 0 0 0 0 0 0 0 0 0 0 0 0 0 0 0 0 0 0 0 0 0 0 0 0 0 0 0 0 0 0 0 0 0 0 0 0 0 0 0 0
0.0105  0 0 0 0 0 0 0 0 0 0 0 0 0 0 0 0 0 0 0 0 0 0 0 0 0 0 0 0 0 0 0 0 0 0 0 0 0 0 0 0 0 0 0 0 0 0 0 0 0 0 0 0 0
0.0112  0 0 0 0 0 0 0 0 0 0 0 0 0 0 0 0 0 0 0 0 0 0 0 0 0 0 0 0 0 0 0 0 0 0 0 0 0 0 0 0 0 0 0 0 0 0 0 0 0 0 0 0 0
0.0119  0 0 0 0 0 0 0 0 0 0 0 0 0 0 0 0 0 0 0 0 0 0 0 0 0 0 0 0 0 0 0 0 0 0 0 0 0 0 0 0 0 0 0 0 0 0 0 0 0 0 0 0 0
0.0126  0 0 0 0 0 0 0 0 0 0 0 0 0 0 0 0 0 0 0 0 0 0 0 0 0 0 0 0 0 0 0 0 0 0 0 0 0 0 0 0 0 0 0 0 0 0 0 0 0 0 0 0 0
0.0133  0 0 0 0 0 0 0 0 0 0 0 0 0 0 0 0 0 0 0 0 0 0 0 0 0 0 0 0 0 0 0 0 0 0 0 0 0 0 0 0 0 0 0 0 0 0 0 0 0 0 0 0 0
0.014  0 0 0 0 0 0 0 0 0 0 0 0 0 0 0 0 0 0 0 0 0 0 0 0 0 0 0 0 0 0 0 0 0 0 0 0 0 0 0 0 0 0 0 0 0 0 0 0 0 0 0 0 0
0.0147  0 0 0 0 0 0 0 0 0 0 0 0 0 0 0 0 0 0 0 0 0 0 0 0 0 0 0 0 0 0 0 0 0 0 0 0 0 0 0 0 0 0 0 0 0 0 0 0 0 0 0 0 0
0.0154  0 0 0 0 0 0 0 0 0 0 0 0 0 0 0 0 0 0 0 0 0 0 0 0 0 0 0 0 0 0 0 0 0 0 0 0 0 0 0 0 0 0 0 0 0 0 0 0 0 0 0 0 0
0.0161  0 0 0 0 0 0 0 0 0 0 0 0 0 0 0 0 0 0 0 0 0 0 0 0 0 0 0 0 0 0 0 0 0 0 0 0 0 0 0 0 0 0 0 0 0 0 0 0 0 0 0 0 0
0.0168  0 0 0 0 0 0 0 0 0 0 0 0 0 0 0 0 0 0 0 0 0 0 0 0 0 0 0 0 0 0 0 0 0 0 0 0 0 0 0 0 0 0 0 0 0 0 0 0 0 0 0 0 0
0.0175  0 0 0 0 0 0 0 0 0 0 0 0 0 0 0 0 0 0 0 0 0 0 0 0 0 0 0 0 0 0 0 0 0 0 0 0 0 0 0 0 0 0 0 0 0 0 0 0 0 0 0 0 0
0.0182  0 0 0 0 0 0 0 0 0 0 0 0 0 0 0 0 0 0 0 0 0 0 0 0 0 0 0 0 0 0 0 0 0 0 0 0 0 0 0 0 0 0 0 0 0 0 0 0 0 0 0 0 0
0.0189  0 0 0 0 0 0 0 0 0 0 0 0 0 0 0 0 0 0 0 0 0 0 0 0 0 0 0 0 0 0 0 0 0 0 0 0 0 0 0 0 0 0 0 0 0 0 0 0 0 0 0 0 0
0.0196  0 0 0 0 0 0 0 0 0 0 0 0 0 0 0 0 0 0 0 0 0 0 0 0 0 0 0 0 0 0 0 0 0 0 0 0 0 0 0 0 0 0 0 0 0 0 0 0 0 0 0 0 0
0.0203  0 0 0 0 0 0 0 0 0 0 0 0 0 0 0 0 0 0 0 0 0 0 0 0 0 0 0 0 0 0 0 0 0 0 0 0 0 0 0 0 0 0 0 0 0 0 0 0 0 0 0 0 0
0.021  0 0 0 0 0 0 0 0 0 0 0 0 0 0 0 0 0 0 0 0 0 0 0 0 0 0 0 0 0 0 0 0 0 0 0 0 0 0 0 0 0 0 0 0 0 0 0 0 0 0 0 0 0
0.0217  0 0 0 0 0 0 0 0 0 0 0 0 0 0 0 0 0 0 0 0 0 0 0 0 0 0 0 0 0 0 0 0 0 0 0 0 0 0 0 0 0 0 0 0 0 0 0 0 0 0 0 0 0
0.0224  0 0 0 0 0 0 0 0 0 0 0 0 0 0 0 0 0 0 0 0 0 0 0 0 0 0 0 0 0 0 0 0 0 0 0 0 0 0 0 0 0 0 0 0 0 0 0 0 0 0 0 0 0
0.0231  0 0 0 0 0 0 0 0 0 0 0 0 0 0 0 0 0 0 0 0 0 0 0 0 0 0 0 0 0 0 0 0 0 0 0 0 0 0 0 0 0 0 0 0 0 0 0 0 0 0 0 0 0
0.0238  0 0 0 0 0 0 0 0 0 0 0 0 0 0 0 0 0 0 0 0 0 0 0 0 0 0 0 0 0 0 0 0 0 0 0 0 0 0 0 0 0 0 0 0 0 0 0 0 0 0 0 0 0
0.0245  0 0 0 0 0 0 0 0 0 0 0 0 0 0 0 0 0 0 0 0 0 0 0 0 0 0 0 0 0 0 0 0 0 0 0 0 0 0 0 0 0 0 0 0 0 0 0 0 0 0 0 0 0
0.0252  0 0 0 0 0 0 0 0 0 0 0 0 0 0 0 0 0 0 0 0 0 0 0 0 0 0 0 0 0 0 0 0 0 0 0 0 0 0 0 0 0 0 0 0 0 0 0 0 0 0 0 0 0
0.0259  0 0 0 0 0 0 0 0 0 0 0 0 0 0 0 0 0 0 0 0 0 0 0 0 0 0 0 0 0 0 0 0 0 0 0 0 0 0 0 0 0 0 0 0 0 0 0 0 0 0 0 0 0
0.0266  0 0 0 0 0 0 0 0 0 0 0 0 0 0 0 0 0 0 0 0 0 0 0 0 0 0 0 0 0 0 0 0 0 0 0 0 0 0 0 0 0 0 0 0 0 0 0 0 0 0 0 0 0
0.0273  0 0 0 0 0 0 0 0 0 0 0 0 0 0 0 0 0 0 0 0 0 0 0 0 0 0 0 0 0 0 0 0 0 0 0 0 0 0 0 0 0 0 0 0 0 0 0 0 0 0 0 0 0
0.028  0 0 0 0 0 0 0 0 0 0 0 0 0 0 0 0 0 0 0 0 0 0 0 0 0 0 0 0 0 0 0 0 0 0 0 0 0 0 0 0 0 0 0 0 0 0 0 0 0 0 0 0 0
0.0287  0 0 0 0 0 0 0 0 0 0 0 0 0 0 0 0 0 0 0 0 0 0 0 0 0 0 0 0 0 0 0 0 0 0 0 0 0 0 0 0 0 0 0 0 0 0 0 0 0 0 0 0 0
0.0294  0 0 0 0 0 0 0 0 0 0 0 0 0 0 0 0 0 0 0 0 0 0 0 0 0 0 0 0 0 0 0 0 0 0 0 0 0 0 0 0 0 0 0 0 0 0 0 0 0 0 0 0 0
0.0301  0 0 0 0 0 0 0 0 0 0 0 0 0 0 0 0 0 0 0 0 0 0 0 0 0 0 0 0 0 0 0 0 0 0 0 0 0 0 0 0 0 0 0 0 0 0 0 0 0 0 0 0 0
0.0308  0 0 0 0 0 0 0 0 0 0 0 0 0 0 0 0 0 0 0 0 0 0 0 0 0 0 0 0 0 0 0 0 0 0 0 0 0 0 0 0 0 0 0 0 0 0 0 0 0 0 0 0 0
0.0315  0 0 0 0 0 0 0 0 0 0 0 0 0 0 0 0 0 0 0 0 0 0 0 0 0 0 0 0 0 0 0 0 0 0 0 0 0 0 0 0 0 0 0 0 0 0 0 0 0 0 0 0 0
0.0322  0 0 0 0 0 0 0 0 0 0 0 0 0 0 0 0 0 0 0 0 0 0 0 0 0 0 0 0 0 0 0 0 0 0 0 0 0 0 0 0 0 0 0 0 0 0 0 0 0 0 0 0 0
0.0329  0 0 0 0 0 0 0 0 0 0 0 0 0 0 0 0 0 0 0 0 0 0 0 0 0 0 0 0 0 0 0 0 0 0 0 0 0 0 0 0 0 0 0 0 0 0 0 0 0 0 0 0 0
0.0336  0 0 0 0 0 0 0 0 0 0 0 0 0 0 0 0 0 0 0 0 0 0 0 0 0 0 0 0 0 0 0 0 0 0 0 0 0 0 0 0 0 0 0 0 0 0 0 0 0 0 0 0 0
0.0343  0 0 0 0 0 0 0 0 0 0 0 0 0 0 0 0 0 0 0 0 0 0 0 0 0 0 0 0 0 0 0 0 0 0 0 0 0 0 0 0 0 0 0 0 0 0 0 0 0 0 0 0 0
0.035  34630 0 0 0 0 0 0 0 0 0 0 0 0 0 0 0 0 0 0 0 0 0 0 0 0 0 0 0 0 0 0 0 0 0 0 0 0 0 0 0 0 0 0 0 0 0 0 0 0 0 0 0 0
0.03535  0 0 0 0 0 0 0 0 0 0 0 0 0 0 0 0 0 0 0 0 0 0 0 0 0 0 0 0 0 0 0 0 0 0 0 0 0 0 0 0 0 0 0 0 0 0 0 0 0 0 0 0 0
0.0357  -553496 0 0 0 1.24971e-30 2.27662e-30 -8.93671e-12 1.16474e-27 3.4368e-13 -8.99723e-10 1.35459e-10 4.27696e-27 1.43856e-12 5.91802e-10 8.74092e-30 2.33803e-10 4.88586e-12 2.17204e-11 -5.62673e-12 2.14628e-28 -1.7848e-11 7.74463e-14 9.51946e-12 9.46732e-27 -3.02257e-12 -5.284e-12 -1.07431e-10 6.83791e-27 5.57453e-12 -2.65941e-12 6.12375e-15 -4.69596e-12 1.12902e-15 9.24583e-13 -3.58702e-29 -1.55764e-12 -8.5571e-12 4.22977e-19 -8.13951e-28 -4.50271e-16 4.11581e-30 1.49178e-11 4.42171e-16 -1.13929e-12 -1.37001e-10 1.81954e-10 -9.71366e-12 1.10109e-26 1.11427e-11 6.01889e-21 3.38274e-19 -2.8338e-29 -5.12226e-15
0.0364  299900 0 0 0 -2.76471e-32 -2.76471e-32 -4.9115e-12 1.07629e-27 3.84527e-13 -7.10994e-10 1.22665e-10 4.17024e-27 -2.12076e-13 4.30603e-10 4.50468e-30 2.10958e-10 5.41109e-12 1.88191e-11 -3.78312e-12 2.30861e-28 -1.48982e-11 5.64554e-14 7.85663e-12 8.25119e-27 -2.4912e-12 -5.98724e-12 -9.63153e-11 6.95235e-27 1.23761e-11 -5.90082e-12 1.03206e-14 -4.70436e-12 1.57265e-15 1.03445e-12 -8.27169e-30 -1.64435e-12 -8.62488e-12 1.48822e-18 -1.51012e-27 -1.05059e-15 2.90683e-28 1.50548e-11 1.02894e-15 3.76381e-13 -1.03326e-10 1.38553e-10 -8.64956e-12 1.20322e-24 8.4038e-12 1.29731e-19 3.74855e-18 6.60192e-30 -2.29262e-14
0.0371  180814 0 0 0 -3.40526e-31 -9.23018e-30 -2.49579e-12 1.05133e-27 4.23748e-13 -5.88642e-10 1.12855e-10 4.58421e-27 -1.63753e-12 3.29334e-10 1.08834e-30 1.93301e-10 5.80216e-12 1.70357e-11 -2.27201e-12 2.42668e-28 -1.31552e-11 4.87138e-14 6.5008e-12 7.26467e-27 -2.05821e-12 -6.53102e-12 -8.77886e-11 6.84031e-27 1.98015e-11 -9.43973e-12 1.51396e-14 -4.67631e-12 2.12491e-15 1.13987e-12 4.54001e-27 -1.69693e-12 -8.39448e-12 3.99266e-18 -9.96868e-27 -2.14719e-15 8.21366e-27 1.47055e-11 2.07811e-15 2.27767e-13 -8.1884e-11 1.12155e-10 -9.2078e-12 4.44574e-23 6.65989e-12 1.40595e-18 2.3876e-17 7.77002e-27 -7.23774e-14
0.0378  55607.9 0 0 0 3.31822e-31 9.59831e-30 -9.85751e-13 1.1427e-27 4.61806e-13 -5.10293e-10 1.05182e-10 5.23717e-27 1.52945e-12 2.6289e-10 -3.48431e-29 1.79442e-10 6.08887e-12 1.60098e-11 -1.04835e-12 2.4279e-28 -1.22048e-11 4.51932e-14 5.44442e-12 6.46192e-27 -1.721e-12 -6.94466e-12 -8.11283e-11 6.59714e-27 2.57787e-11 -1.22896e-11 2.02062e-14 -4.64143e-12 2.77237e-15 1.24196e-12 3.09316e-25 -1.72645e-12 -7.99538e-12 8.76672e-18 -1.12266e-25 -4.4129e-15 1.0777e-25 1.41211e-11 4.14909e-15 9.52537e-14 -6.74804e-11 9.59961e-11 -1.11581e-11 7.50365e-22 5.48839e-12 9.22815e-18 1.01883e-16 5.27985e-25 -1.77662e-13
0.0385  -67217.5 0 0 0 7.04492e-33 7.04492e-33 -9.59764e-15 1.29395e-27 4.98285e-13 -4.51271e-10 9.90936e-11 5.99572e-27 5.40404e-14 2.17737e-10 -8.88474e-28 1.68453e-10 6.29671e-12 1.5498e-11 -6.34416e-14 2.39566e-28 -1.17766e-11 4.28616e-14 4.64341e-12 5.80729e-27 -1.46538e-12 -7.25605e-12 -7.58576e-11 6.30077e-27 2.94578e-11 -1.40456e-11 2.53037e-14 -4.61258e-12 3.4885e-15 1.33937e-12 8.23698e-24 -1.74081e-12 -7.50197e-12 1.65227e-17 -8.33209e-25 -9.62203e-15 8.10897e-25 1.34555e-11 8.69806e-15 -1.88226e-14 -5.74052e-11 8.64701e-11 -1.42991e-11 7.05685e-21 4.6689e-12 4.15094e-17 3.223e-16 1.40539e-23 -3.6159e-13
0.0392  -179715 0 0 0 1.86712e-32 1.86712e-32 6.39371e-13 1.54901e-27 5.32503e-13 -4.09215e-10 9.42165e-11 6.77146e-27 1.43224e-13 1.86165e-10 -1.46459e-26 1.5969e-10 6.44608e-12 1.53263e-11 7.26784e-13 2.29616e-28 -1.16853e-11 4.07017e-14 4.04329e-12 5.27221e-27 -1.27392e-12 -7.48889e-12 -7.16485e-11 5.98643e-27 3.10234e-11 -1.47954e-11 3.04156e-14 -4.59233e-12 4.2405e-15 1.42999e-12 1.08846e-22 -1.74557e-12 -6.95562e-12 2.76395e-17 -4.11234e-24 -2.0981e-14 4.00952e-24 1.27951e-11 1.8325e-14 -1.13347e-13 -5.01367e-11 8.14202e-11 -1.8388e-11 4.24036e-20 4.07762e-12 1.39404e-16 8.10512e-16 1.85607e-22 -6.37787e-13
0.0399  -275393 0 0 0 2.87721e-32 2.87721e-32 1.08118e-12 1.88664e-27 5.63881e-13 -3.77605e-10 9.0286e-11 7.51979e-27 2.20706e-13 1.63572e-10 -1.40707e-25 1.52683e-10 6.55265e-12 1.53691e-11 1.35968e-12 2.17203e-28 -1.18012e-11 3.842e-14 3.59427e-12 4.83501e-27 -1.1307e-12 -7.66228e-12 -6.82674e-11 5.68202e-27 3.10879e-11 -1.48303e-11 3.56778e-14 -4.5789e-12 4.99556e-15 1.512e-12 8.41272e-22 -1.74448e-12 -6.38187e-12 4.20535e-17 -1.47014e-23 -4.25645e-14 1.43389e-23 1.21842e-11 3.62818e-14 -1.88128e-13 -4.47679e-11 7.94217e-11 -2.31403e-11 1.79508e-19 3.64071e-12 3.71745e-16 1.70316e-15 1.43361e-21 -1.00612e-12
0.0406  -349824 0 0 0 3.67361e-32 3.67361e-32 1.38812e-12 2.28808e-27 5.9208e-13 -3.53428e-10 8.71086e-11 8.21391e-27 2.81797e-13 1.47099e-10 -8.71635e-25 1.47077e-10 6.62821e-12 1.55373e-11 1.86603e-12 2.04402e-28 -1.20341e-11 3.59885e-14 3.25662e-12 4.47841e-27 -1.02303e-12 -7.79107e-12 -6.55427e-11 5.4021e-27 3.02727e-11 -1.4446e-11 4.12683e-14 -4.56959e-12 5.72507e-15 1.58437e-12 4.28366e-21 -1.74011e-12 -5.80024e-12 5.9281e-17 -4.07694e-23 -7.79334e-14 3.97681e-23 1.16422e-11 6.53401e-14 -2.43688e-13 -4.07311e-11 7.94624e-11 -2.82577e-11 5.75292e-19 3.31187e-12 8.23973e-16 3.10245e-15 7.29452e-21 -1.45277e-12
0.0413  -400885 0 0 0 4.22387e-32 4.22387e-32 1.60516e-12 2.72938e-27 6.16985e-13 -3.34732e-10 8.45382e-11 8.83934e-27 3.24006e-13 1.34907e-10 -3.7906e-24 1.42599e-10 6.68152e-12 1.57693e-11 2.27076e-12 1.9244e-28 -1.23224e-11 3.34717e-14 3.00075e-12 4.18839e-27 -9.41458e-13 -7.88665e-12 -6.33448e-11 5.15319e-27 2.90457e-11 -1.38651e-11 4.7294e-14 -4.56223e-12 6.40684e-15 1.64682e-12 1.56957e-20 -1.73414e-12 -5.22832e-12 7.85374e-17 -9.23795e-23 -1.28694e-13 9.0115e-23 1.11747e-11 1.06654e-13 -2.81127e-13 -3.76557e-11 8.07952e-11 -3.34592e-11 1.4738e-18 3.0609e-12 1.5719e-15 5.0372e-15 2.6708e-20 -1.95384e-12
0.042  -428657 0 0 0 4.52327e-32 4.52327e-32 1.76096e-12 3.18529e-27 6.38645e-13 -3.20185e-10 8.24619e-11 9.3898e-27 3.46972e-13 1.25779e-10 -1.23749e-23 1.39031e-10 6.71897e-12 1.60241e-11 2.5939e-12 1.81893e-28 -1.26255e-11 3.09595e-14 2.80534e-12 3.95339e-27 -8.79171e-13 -7.95758e-12 -6.15738e-11 4.93612e-27 2.7706e-11 -1.32302e-11 5.37266e-14 -4.55554e-12 7.02573e-15 1.6997e-12 4.42481e-20 -1.72763e-12 -4.68219e-12 9.8892e-17 -1.77981e-22 -1.93775e-13 1.73624e-22 1.07794e-11 1.59232e-13 -3.02033e-13 -3.52911e-11 8.28657e-11 -3.85053e-11 3.14799e-18 2.86737e-12 2.65236e-15 7.44854e-15 7.52389e-20 -2.4808e-12
0.0427  -435069 0 0 0 4.59039e-32 4.59039e-32 1.87425e-12 3.6327e-27 6.57214e-13 -3.08832e-10 8.079e-11 9.8645e-27 3.5212e-13 1.18885e-10 -3.19847e-23 1.36197e-10 6.74521e-12 1.62757e-11 2.85143e-12 1.72933e-28 -1.29178e-11 2.854e-14 2.65515e-12 3.76366e-27 -8.31305e-13 -8.01024e-12 -6.01507e-11 4.74772e-27 2.6422e-11 -1.26212e-11 6.04035e-14 -4.54896e-12 7.57323e-15 1.74375e-12 1.01071e-19 -1.72125e-12 -4.17552e-12 1.19407e-16 -3.00761e-22 -2.69684e-13 2.93409e-22 1.04505e-11 2.20189e-13 -3.08406e-13 -3.34624e-11 8.52708e-11 -4.32126e-11 5.79615e-18 2.71706e-12 4.0458e-15 1.0204e-14 1.71742e-19 -3.00553e-12
0.0434  -423377 0 0 0 4.4604e-32 4.4604e-32 1.9575e-12 4.05288e-27 6.7291e-13 -2.99969e-10 7.94502e-11 1.02664e-26 3.4215e-13 1.13648e-10 -6.83116e-23 1.33958e-10 6.76357e-12 1.65086e-11 3.05605e-12 1.65513e-28 -1.31845e-11 2.62873e-14 2.53923e-12 3.61097e-27 -7.94366e-13 -8.04939e-12 -5.90121e-11 4.58268e-27 2.52755e-11 -1.20774e-11 6.70762e-14 -4.54242e-12 8.04642e-15 1.77992e-12 1.94823e-19 -1.71539e-12 -3.71849e-12 1.3924e-16 -4.56919e-22 -3.51468e-13 4.45766e-22 1.01806e-11 2.85541e-13 -3.02567e-13 -3.2044e-11 8.77292e-11 -4.74578e-11 9.44959e-18 2.59985e-12 5.67869e-15 1.31298e-14 3.30844e-19 -3.5042e-12
0.0441  -397590 0 0 0 4.17792e-32 4.17792e-32 2.01918e-12 4.4327e-27 6.85987e-13 -2.93063e-10 7.83831e-11 1.06009e-26 3.20481e-13 1.09657e-10 -1.24839e-22 1.32197e-10 6.77641e-12 1.67148e-11 3.21796e-12 1.59482e-28 -1.34183e-11 2.42554e-14 2.44963e-12 3.48838e-27 -7.65811e-13 -8.07853e-12 -5.81065e-11 4.43557e-27 2.42964e-11 -1.16128e-11 7.34762e-14 -4.53606e-12 8.44677e-15 1.80923e-12 3.27372e-19 -1.71023e-12 -3.31721e-12 1.57707e-16 -6.36591e-22 -4.33883e-13 6.21075e-22 9.96183e-12 3.51132e-13 -2.87035e-13 -3.09433e-11 9.00579e-11 -5.11735e-11 1.39437e-17 2.50833e-12 7.44259e-15 1.60485e-14 5.55632e-19 -3.9593e-12
0.0448  -361938 0 0 0 3.79023e-32 3.79023e-32 2.06512e-12 4.76464e-27 6.96725e-13 -2.87699e-10 7.75394e-11 1.08747e-26 2.90742e-13 1.06613e-10 -2.00901e-22 1.3082e-10 6.78541e-12 1.68913e-11 3.34534e-12 1.54654e-28 -1.36169e-11 2.24766e-14 2.38042e-12 3.39018e-27 -7.43756e-13 -8.10023e-12 -5.73911e-11 4.30254e-27 2.34858e-11 -1.12282e-11 7.93714e-14 -4.53011e-12 8.77885e-15 1.83269e-12 4.923e-19 -1.70583e-12 -2.97377e-12 1.74321e-16 -8.26668e-22 -5.12352e-13 8.06545e-22 9.78656e-12 4.13381e-13 -2.64388e-13 -3.0091e-11 9.21496e-11 -5.434e-11 1.89633e-17 2.43699e-12 9.22021e-15 1.88081e-14 8.35166e-19 -4.36017e-12
0.0455  -320441 0 0 0 3.34205e-32 3.34205e-32 2.09944e-12 5.04615e-27 7.05409e-13 -2.83556e-10 7.68779e-11 1.10954e-26 2.56362e-13 1.04294e-10 -2.91562e-22 1.29752e-10 6.79173e-12 1.70382e-11 3.44486e-12 1.50839e-28 -1.37814e-11 2.09622e-14 2.32714e-12 3.31179e-27 -7.26772e-13 -8.11639e-12 -5.68307e-11 4.18194e-27 2.28302e-11 -1.0917e-11 8.45992e-14 -4.52477e-12 9.04923e-15 1.85123e-12 6.76877e-19 -1.70219e-12 -2.68684e-12 1.88799e-16 -1.01402e-21 -5.83532e-13 9.89365e-22 9.6478e-12 4.697e-13 -2.37112e-13 -2.94335e-11 9.39539e-11 -5.69738e-11 2.41309e-17 2.3816e-12 1.09083e-14 2.12993e-14 1.14784e-18 -4.70238e-12
0.0462  -276602 0 0 0 2.87185e-32 2.87185e-32 2.12509e-12 5.27855e-27 7.12327e-13 -2.80376e-10 7.63641e-11 1.12706e-26 2.20295e-13 1.02535e-10 -3.89229e-22 1.2893e-10 6.79618e-12 1.71575e-11 3.52196e-12 1.47862e-28 -1.39145e-11 1.97059e-14 2.28633e-12 3.24957e-27 -7.13761e-13 -8.12841e-12 -5.63957e-11 4.07391e-27 2.23101e-11 -1.06702e-11 8.90767e-14 -4.52014e-12 9.26554e-15 1.86573e-12 8.66008e-19 -1.69923e-12 -2.45246e-12 2.01044e-16 -1.18796e-21 -6.45461e-13 1.15911e-21 9.53923e-12 5.18599e-13 -2.07462e-13 -2.89292e-11 9.54598e-11 -5.91162e-11 2.90969e-17 2.33884e-12 1.24315e-14 2.34596e-14 1.4681e-18 -4.98644e-12
0.0469  -233235 0 0 0 2.41005e-32 2.41005e-32 2.14422e-12 5.46578e-27 7.17754e-13 -2.77954e-10 7.5969e-11 1.14075e-26 1.84871e-13 1.01206e-10 -4.85936e-22 1.28302e-10 6.79933e-12 1.72525e-11 3.58114e-12 1.45565e-28 -1.40201e-11 1.86888e-14 2.25528e-12 3.20061e-27 -7.03862e-13 -8.13734e-12 -5.60614e-11 3.97937e-27 2.19044e-11 -1.04777e-11 9.27929e-14 -4.51626e-12 9.43568e-15 1.87692e-12 1.04607e-18 -1.69689e-12 -2.26504e-12 2.11118e-16 -1.34144e-21 -6.9743e-13 1.30889e-21 9.4553e-12 5.59566e-13 -1.77359e-13 -2.85452e-11 9.66821e-11 -6.08233e-11 3.35987e-17 2.30611e-12 1.37469e-14 2.52682e-14 1.7729e-18 -5.21634e-12
0.0476  -192411 0 0 0 1.97848e-32 1.97848e-32 2.15844e-12 5.61331e-27 7.21947e-13 -2.76127e-10 7.56686e-11 1.1513e-26 1.51766e-13 1.00209e-10 -5.75192e-22 1.27827e-10 6.80156e-12 1.73266e-11 3.62609e-12 1.43815e-28 -1.41023e-11 1.78837e-14 2.23186e-12 3.16252e-27 -6.96392e-13 -8.14393e-12 -5.58073e-11 3.89905e-27 2.15927e-11 -1.03298e-11 9.57906e-14 -4.51311e-12 9.56735e-15 1.88546e-12 1.20729e-18 -1.69506e-12 -2.11812e-12 2.19197e-16 -1.47113e-21 -7.39682e-13 1.43546e-21 9.39121e-12 5.92832e-13 -1.48327e-13 -2.82553e-11 9.76502e-11 -6.21575e-11 3.74825e-17 2.28129e-12 1.48402e-14 2.67364e-14 2.04573e-18 -5.39818e-12
0.0483  -155487 0 0 0 1.59098e-32 1.59098e-32 2.16893e-12 5.72721e-27 7.25138e-13 -2.74762e-10 7.54428e-11 1.1593e-26 1.22041e-13 9.94677e-11 -6.52878e-22 1.27471e-10 6.80315e-12 1.73834e-11 3.65986e-12 1.42498e-28 -1.41652e-11 1.72596e-14 2.21436e-12 3.13329e-27 -6.9081e-13 -8.14878e-12 -5.56163e-11 3.83295e-27 2.13568e-11 -1.02178e-11 9.81476e-14 -4.51063e-12 9.66765e-15 1.89189e-12 1.34441e-18 -1.69367e-12 -2.0051e-12 2.25522e-16 -1.5767e-21 -7.73089e-13 1.53849e-21 9.34288e-12 6.19109e-13 -1.21465e-13 -2.80386e-11 9.84004e-11 -6.31815e-11 4.06947e-17 2.26266e-12 1.57195e-14 2.78959e-14 2.27771e-18 -5.539e-12
0.049  -123204 0 0 0 1.25457e-32 1.25457e-32 2.17662e-12 5.8135e-27 7.27529e-13 -2.73753e-10 7.52751e-11 1.16529e-26 9.62359e-14 9.89216e-11 -7.17259e-22 1.27208e-10 6.80427e-12 1.74262e-11 3.68492e-12 1.41518e-28 -1.42125e-11 1.67853e-14 2.20142e-12 3.1112e-27 -6.86682e-13 -8.15233e-12 -5.54744e-11 3.78023e-27 2.11806e-11 -1.01342e-11 9.99582e-14 -4.50871e-12 9.74288e-15 1.89668e-12 1.45607e-18 -1.69262e-12 -1.91969e-12 2.30368e-16 -1.65992e-21 -7.98853e-13 1.61971e-21 9.30691e-12 6.39359e-13 -9.74779e-14 -2.78783e-11 9.89702e-11 -6.39538e-11 4.32569e-17 2.24884e-12 1.64063e-14 2.87895e-14 2.46661e-18 -5.64594e-12
0.0497  -95800.2 0 0 0 9.7097e-33 9.7097e-33 2.18221e-12 5.87771e-27 7.29296e-13 -2.73016e-10 7.51521e-11 1.16971e-26 7.44814e-14 9.85234e-11 -7.68459e-22 1.27016e-10 6.80507e-12 1.74579e-11 3.7033e-12 1.408e-28 -1.42475e-11 1.64314e-14 2.19196e-12 3.09476e-27 -6.83664e-13 -8.15489e-12 -5.53704e-11 3.73938e-27 2.1051e-11 -1.00727e-11 1.0132e-13 -4.50727e-12 9.79846e-15 1.90019e-12 1.54374e-18 -1.69184e-12 -1.85624e-12 2.34006e-16 -1.72369e-21 -8.18282e-13 1.68195e-21 9.28049e-12 6.54622e-13 -7.67144e-14 -2.77611e-11 9.93951e-11 -6.45268e-11 4.5238e-17 2.23871e-12 1.69291e-14 2.9463e-14 2.61489e-18 -5.72566e-12
0.0504  -73149.4 0 0 0 7.38085e-33 7.38085e-33 2.18622e-12 5.9247e-27 7.30581e-13 -2.72485e-10 7.5063e-11 1.17292e-26 5.66172e-14 9.82364e-11 -8.07784e-22 1.26877e-10 6.80563e-12 1.7481e-11 3.7166e-12 1.40279e-28 -1.4273e-11 1.6172e-14 2.18513e-12 3.08272e-27 -6.81484e-13 -8.15673e-12 -5.52951e-11 3.70857e-27 2.09569e-11 -1.0028e-11 1.02323e-13 -4.5062e-12 9.83891e-15 1.90273e-12 1.61043e-18 -1.69127e-12 -1.80986e-12 2.36684e-16 -1.77137e-21 -8.32637e-13 1.72848e-21 9.26134e-12 6.65895e-13 -5.92406e-14 -2.76764e-11 9.97064e-11 -6.49451e-11 4.67286e-17 2.23138e-12 1.73181e-14 2.99604e-14 2.72769e-18 -5.78408e-12
0.0511  -54877.3 0 0 0 5.51373e-33 5.51373e-33 2.18907e-12 5.95852e-27 7.31503e-13 -2.72106e-10 7.49994e-11 1.17522e-26 4.22948e-14 9.80319e-11 -8.37102e-22 1.26778e-10 6.80603e-12 1.74976e-11 3.7261e-12 1.39906e-28 -1.42914e-11 1.59849e-14 2.18026e-12 3.07405e-27 -6.79929e-13 -8.15803e-12 -5.52413e-11 3.68588e-27 2.08896e-11 -9.99604e-12 1.0305e-13 -4.50543e-12 9.86793e-15 1.90455e-12 1.65982e-18 -1.69086e-12 -1.77651e-12 2.38621e-16 -1.80622e-21 -8.43043e-13 1.7625e-21 9.24764e-12 6.74064e-13 -4.49111e-14 -2.76161e-11 9.99308e-11 -6.52458e-11 4.78236e-17 2.22614e-12 1.76015e-14 3.03209e-14 2.81121e-18 -5.82618e-12
0.0518  -40467.2 0 0 0 4.0497e-33 4.0497e-33 2.19108e-12 5.98249e-27 7.32154e-13 -2.7184e-10 7.49546e-11 1.17684e-26 3.10645e-14 9.78882e-11 -8.58403e-22 1.26708e-10 6.8063e-12 1.75094e-11 3.73279e-12 1.39644e-28 -1.43043e-11 1.58522e-14 2.17683e-12 3.06789e-27 -6.78834e-13 -8.15895e-12 -5.52034e-11 3.66953e-27 2.08421e-11 -9.97349e-12 1.03567e-13 -4.50488e-12 9.88843e-15 1.90584e-12 1.69552e-18 -1.69058e-12 -1.75288e-12 2.39999e-16 -1.8312e-21 -8.50455e-13 1.78688e-21 9.23798e-12 6.79882e-13 -3.34405e-14 -2.75735e-11 1.0009e-10 -6.54587e-11 4.86108e-17 2.22245e-12 1.7804e-14 3.05776e-14 2.87159e-18 -5.85604e-12
0.0525  -29342.7 0 0 0 2.9255e-33 2.9255e-33 2.19247e-12 5.99922e-27 7.32608e-13 -2.71655e-10 7.49234e-11 1.17797e-26 2.2441e-14 9.77883e-11 -8.73531e-22 1.26659e-10 6.80649e-12 1.75176e-11 3.73745e-12 1.39461e-28 -1.43134e-11 1.57595e-14 2.17444e-12 3.0636e-27 -6.78073e-13 -8.15958e-12 -5.51771e-11 3.658e-27 2.0809e-11 -9.95779e-12 1.03929e-13 -4.50449e-12 9.90272e-15 1.90673e-12 1.7208e-18 -1.69037e-12 -1.7364e-12 2.40963e-16 -1.84877e-21 -8.55647e-13 1.80403e-21 9.23126e-12 6.83956e-13 -2.44649e-14 -2.7544e-11 1.00201e-10 -6.56071e-11 4.91658e-17 2.21989e-12 1.79463e-14 3.07574e-14 2.91433e-18 -5.87689e-12
0.0532  -20927.3 0 0 0 2.07925e-33 2.07925e-33 2.19342e-12 6.01072e-27 7.32919e-13 -2.71528e-10 7.4902e-11 1.17875e-26 1.59496e-14 9.772e-11 -8.84059e-22 1.26626e-10 6.80662e-12 1.75232e-11 3.74064e-12 1.39335e-28 -1.43196e-11 1.56957e-14 2.17281e-12 3.06064e-27 -6.77552e-13 -8.16001e-12 -5.5159e-11 3.65e-27 2.07863e-11 -9.94703e-12 1.04179e-13 -4.50423e-12 9.91253e-15 1.90734e-12 1.73834e-18 -1.69024e-12 -1.72507e-12 2.41627e-16 -1.86091e-21 -8.59225e-13 1.81588e-21 9.22665e-12 6.86764e-13 -1.75917e-14 -2.75237e-11 1.00277e-10 -6.57091e-11 4.955e-17 2.21813e-12 1.80445e-14 3.08813e-14 2.944e-18 -5.89123e-12
0.0539  -14684.2 0 0 0 1.45428e-33 1.45428e-33 2.19406e-12 6.01852e-27 7.3313e-13 -2.71443e-10 7.48875e-11 1.17927e-26 1.11555e-14 9.76738e-11 -8.9125e-22 1.26604e-10 6.8067e-12 1.7527e-11 3.7428e-12 1.3925e-28 -1.43238e-11 1.56525e-14 2.1717e-12 3.05864e-27 -6.77199e-13 -8.16031e-12 -5.51468e-11 3.64455e-27 2.0771e-11 -9.93974e-12 1.04348e-13 -4.50405e-12 9.91917e-15 1.90775e-12 1.75031e-18 -1.69014e-12 -1.71739e-12 2.42077e-16 -1.86917e-21 -8.61653e-13 1.82394e-21 9.22353e-12 6.88669e-13 -1.24365e-14 -2.75101e-11 1.00329e-10 -6.57782e-11 4.98116e-17 2.21694e-12 1.81112e-14 3.09654e-14 2.96423e-18 -5.90095e-12
0.0546  -10139.1 0 0 0 1.00116e-33 1.00116e-33 2.19449e-12 6.02372e-27 7.33271e-13 -2.71386e-10 7.48779e-11 1.17962e-26 7.6797e-15 9.7643e-11 -8.96078e-22 1.26589e-10 6.80676e-12 1.75296e-11 3.74424e-12 1.39194e-28 -1.43266e-11 1.56237e-14 2.17097e-12 3.0573e-27 -6.76964e-13 -8.1605e-12 -5.51386e-11 3.6409e-27 2.07607e-11 -9.93488e-12 1.04461e-13 -4.50392e-12 9.9236e-15 1.90803e-12 1.75833e-18 -1.69008e-12 -1.71227e-12 2.42378e-16 -1.8747e-21 -8.63276e-13 1.82934e-21 9.22145e-12 6.89943e-13 -8.64611e-15 -2.75009e-11 1.00364e-10 -6.58243e-11 4.99868e-17 2.21614e-12 1.81558e-14 3.10216e-14 2.9778e-18 -5.90744e-12
0.0553  -6890.18 0 0 0 6.78488e-34 6.78488e-34 2.19477e-12 6.02714e-27 7.33364e-13 -2.71349e-10 7.48715e-11 1.17985e-26 5.20456e-15 9.76227e-11 -8.99267e-22 1.26579e-10 6.8068e-12 1.75312e-11 3.74519e-12 1.39157e-28 -1.43284e-11 1.56047e-14 2.17048e-12 3.05642e-27 -6.7681e-13 -8.16063e-12 -5.51333e-11 3.63849e-27 2.0754e-11 -9.93168e-12 1.04535e-13 -4.50385e-12 9.92652e-15 1.90821e-12 1.76363e-18 -1.69004e-12 -1.7089e-12 2.42576e-16 -1.87834e-21 -8.64345e-13 1.83289e-21 9.22009e-12 6.90782e-13 -5.91254e-15 -2.74949e-11 1.00387e-10 -6.58547e-11 5.01023e-17 2.21562e-12 1.81852e-14 3.10586e-14 2.98676e-18 -5.91171e-12
0.056  -4609.05 0 0 0 4.52711e-34 4.52711e-34 2.19495e-12 6.02937e-27 7.33424e-13 -2.71325e-10 7.48674e-11 1.18e-26 3.47267e-15 9.76096e-11 -9.01341e-22 1.26572e-10 6.80682e-12 1.75323e-11 3.7458e-12 1.39132e-28 -1.43296e-11 1.55923e-14 2.17017e-12 3.05584e-27 -6.7671e-13 -8.16071e-12 -5.51298e-11 3.63692e-27 2.07496e-11 -9.92961e-12 1.04583e-13 -4.50379e-12 9.92841e-15 1.90833e-12 1.76707e-18 -1.69001e-12 -1.70671e-12 2.42704e-16 -1.88071e-21 -8.65039e-13 1.8352e-21 9.2192e-12 6.91326e-13 -3.97781e-15 -2.7491e-11 1.00401e-10 -6.58743e-11 5.01774e-17 2.21528e-12 1.82043e-14 3.10827e-14 2.99258e-18 -5.91448e-12
0.0567  -3035.24 0 0 0 2.9743e-34 2.9743e-34 2.19507e-12 6.03079e-27 7.33462e-13 -2.71309e-10 7.48648e-11 1.1801e-26 2.28153e-15 9.76012e-11 -9.02669e-22 1.26568e-10 6.80684e-12 1.7533e-11 3.74619e-12 1.39117e-28 -1.43304e-11 1.55845e-14 2.16997e-12 3.05548e-27 -6.76646e-13 -8.16077e-12 -5.51276e-11 3.63592e-27 2.07468e-11 -9.92828e-12 1.04614e-13 -4.50376e-12 9.92962e-15 1.90841e-12 1.76928e-18 -1.69e-12 -1.70531e-12 2.42787e-16 -1.88222e-21 -8.65482e-13 1.83668e-21 9.21863e-12 6.91674e-13 -2.63332e-15 -2.74885e-11 1.00411e-10 -6.58869e-11 5.02254e-17 2.21507e-12 1.82166e-14 3.1098e-14 2.9963e-18 -5.91625e-12
0.0574  -1967.98 0 0 0 1.9243e-34 1.9243e-34 2.19514e-12 6.03168e-27 7.33486e-13 -2.71299e-10 7.48631e-11 1.18016e-26 1.47609e-15 9.75959e-11 -9.03507e-22 1.26566e-10 6.80685e-12 1.75335e-11 3.74644e-12 1.39107e-28 -1.43309e-11 1.55795e-14 2.16984e-12 3.05525e-27 -6.76605e-13 -8.1608e-12 -5.51262e-11 3.63529e-27 2.07451e-11 -9.92745e-12 1.04634e-13 -4.50374e-12 9.93038e-15 1.90845e-12 1.77067e-18 -1.68999e-12 -1.70443e-12 2.42838e-16 -1.88317e-21 -8.65762e-13 1.83761e-21 9.21828e-12 6.91893e-13 -1.71561e-15 -2.7487e-11 1.00417e-10 -6.58949e-11 5.02557e-17 2.21493e-12 1.82243e-14 3.11077e-14 2.99866e-18 -5.91737e-12
0.0581  -1256.41 0 0 0 1.22607e-34 1.22607e-34 2.19519e-12 6.03224e-27 7.33501e-13 -2.71293e-10 7.48621e-11 1.1802e-26 9.40496e-16 9.75926e-11 -9.04027e-22 1.26564e-10 6.80685e-12 1.75337e-11 3.74659e-12 1.39101e-28 -1.43312e-11 1.55764e-14 2.16976e-12 3.05511e-27 -6.7658e-13 -8.16082e-12 -5.51253e-11 3.6349e-27 2.0744e-11 -9.92693e-12 1.04646e-13 -4.50373e-12 9.93085e-15 1.90848e-12 1.77153e-18 -1.68998e-12 -1.70388e-12 2.42871e-16 -1.88377e-21 -8.65936e-13 1.83819e-21 9.21805e-12 6.9203e-13 -1.10014e-15 -2.7486e-11 1.0042e-10 -6.58998e-11 5.02745e-17 2.21485e-12 1.8229e-14 3.11137e-14 3.00012e-18 -5.91806e-12
0.0588  -789.881 0 0 0 7.69381e-35 7.69381e-35 2.19521e-12 6.03258e-27 7.3351e-13 -2.7129e-10 7.48615e-11 1.18022e-26 5.90179e-16 9.75906e-11 -9.04347e-22 1.26563e-10 6.80686e-12 1.75339e-11 3.74669e-12 1.39097e-28 -1.43314e-11 1.55745e-14 2.16972e-12 3.05502e-27 -6.76565e-13 -8.16083e-12 -5.51248e-11 3.63465e-27 2.07433e-11 -9.92661e-12 1.04653e-13 -4.50372e-12 9.93114e-15 1.9085e-12 1.77206e-18 -1.68997e-12 -1.70355e-12 2.4289e-16 -1.88413e-21 -8.66042e-13 1.83854e-21 9.21792e-12 6.92113e-13 -6.9445e-16 -2.74854e-11 1.00423e-10 -6.59028e-11 5.02861e-17 2.2148e-12 1.8232e-14 3.11174e-14 3.00101e-18 -5.91849e-12
0.0595  -489.037 0 0 0 4.75528e-35 4.75528e-35 2.19523e-12 6.03278e-27 7.33516e-13 -2.71288e-10 7.48611e-11 1.18023e-26 3.64769e-16 9.75894e-11 -9.04539e-22 1.26562e-10 6.80686e-12 1.7534e-11 3.74675e-12 1.39095e-28 -1.43315e-11 1.55734e-14 2.16969e-12 3.05496e-27 -6.76556e-13 -8.16084e-12 -5.51244e-11 3.63451e-27 2.07429e-11 -9.92642e-12 1.04658e-13 -4.50371e-12 9.93132e-15 1.90851e-12 1.77238e-18 -1.68997e-12 -1.70334e-12 2.42902e-16 -1.88435e-21 -8.66107e-13 1.83876e-21 9.21784e-12 6.92164e-13 -4.31564e-16 -2.74851e-11 1.00424e-10 -6.59046e-11 5.0293e-17 2.21476e-12 1.82337e-14 3.11196e-14 3.00155e-18 -5.91874e-12
0.0602  -298.193 0 0 0 2.89494e-35 2.89494e-35 2.19524e-12 6.03291e-27 7.33519e-13 -2.71286e-10 7.48609e-11 1.18024e-26 2.22066e-16 9.75887e-11 -9.04654e-22 1.26562e-10 6.80686e-12 1.75341e-11 3.74678e-12 1.39094e-28 -1.43315e-11 1.55727e-14 2.16967e-12 3.05493e-27 -6.7655e-13 -8.16085e-12 -5.51242e-11 3.63442e-27 2.07427e-11 -9.92631e-12 1.0466e-13 -4.50371e-12 9.93142e-15 1.90852e-12 1.77257e-18 -1.68997e-12 -1.70322e-12 2.42909e-16 -1.88448e-21 -8.66145e-13 1.83889e-21 9.21779e-12 6.92194e-13 -2.64058e-16 -2.74848e-11 1.00425e-10 -6.59057e-11 5.02972e-17 2.21475e-12 1.82348e-14 3.1121e-14 3.00187e-18 -5.9189e-12
0.0609  -179.082 0 0 0 1.73601e-35 1.73601e-35 2.19525e-12 6.03298e-27 7.33521e-13 -2.71285e-10 7.48607e-11 1.18025e-26 1.33166e-16 9.75883e-11 -9.04722e-22 1.26562e-10 6.80686e-12 1.75341e-11 3.7468e-12 1.39093e-28 -1.43316e-11 1.55723e-14 2.16966e-12 3.05491e-27 -6.76547e-13 -8.16085e-12 -5.51241e-11 3.63437e-27 2.07425e-11 -9.92624e-12 1.04662e-13 -4.50371e-12 9.93148e-15 1.90852e-12 1.77268e-18 -1.68997e-12 -1.70315e-12 2.42913e-16 -1.88456e-21 -8.66167e-13 1.83896e-21 9.21776e-12 6.92211e-13 -1.5909e-16 -2.74847e-11 1.00425e-10 -6.59064e-11 5.02996e-17 2.21473e-12 1.82354e-14 3.11217e-14 3.00206e-18 -5.91899e-12
0.0616  -105.932 0 0 0 1.02549e-35 1.02549e-35 2.19525e-12 6.03302e-27 7.33522e-13 -2.71285e-10 7.48607e-11 1.18025e-26 7.86635e-17 9.7588e-11 -9.04761e-22 1.26562e-10 6.80686e-12 1.75341e-11 3.74681e-12 1.39093e-28 -1.43316e-11 1.55721e-14 2.16965e-12 3.0549e-27 -6.76545e-13 -8.16085e-12 -5.51241e-11 3.63434e-27 2.07424e-11 -9.9262e-12 1.04663e-13 -4.50371e-12 9.93152e-15 1.90852e-12 1.77275e-18 -1.68997e-12 -1.70311e-12 2.42916e-16 -1.8846e-21 -8.6618e-13 1.839e-21 9.21774e-12 6.92222e-13 -9.43851e-17 -2.74846e-11 1.00426e-10 -6.59067e-11 5.0301e-17 2.21473e-12 1.82358e-14 3.11222e-14 3.00217e-18 -5.91904e-12
0.0623  -61.7227 0 0 0 5.96748e-36 5.96748e-36 2.19525e-12 6.03304e-27 7.33523e-13 -2.71285e-10 7.48606e-11 1.18025e-26 4.57755e-17 9.75879e-11 -9.04783e-22 1.26562e-10 6.80686e-12 1.75341e-11 3.74682e-12 1.39092e-28 -1.43316e-11 1.55719e-14 2.16965e-12 3.0549e-27 -6.76544e-13 -8.16085e-12 -5.5124e-11 3.63433e-27 2.07424e-11 -9.92618e-12 1.04663e-13 -4.50371e-12 9.93154e-15 1.90853e-12 1.77278e-18 -1.68997e-12 -1.70309e-12 2.42917e-16 -1.88463e-21 -8.66188e-13 1.83903e-21 9.21773e-12 6.92227e-13 -5.5146e-17 -2.74846e-11 1.00426e-10 -6.59069e-11 5.03018e-17 2.21472e-12 1.8236e-14 3.11224e-14 3.00224e-18 -5.91907e-12
0.063  -35.4259 0 0 0 3.42095e-36 3.42095e-36 2.19525e-12 6.03306e-27 7.33523e-13 -2.71285e-10 7.48606e-11 1.18025e-26 2.62415e-17 9.75878e-11 -9.04795e-22 1.26562e-10 6.80686e-12 1.75341e-11 3.74682e-12 1.39092e-28 -1.43316e-11 1.55718e-14 2.16965e-12 3.05489e-27 -6.76543e-13 -8.16085e-12 -5.5124e-11 3.63432e-27 2.07424e-11 -9.92617e-12 1.04664e-13 -4.50371e-12 9.93155e-15 1.90853e-12 1.7728e-18 -1.68997e-12 -1.70307e-12 2.42918e-16 -1.88464e-21 -8.66192e-13 1.83904e-21 9.21773e-12 6.92231e-13 -3.17322e-17 -2.74846e-11 1.00426e-10 -6.5907e-11 5.03023e-17 2.21472e-12 1.82361e-14 3.11226e-14 3.00227e-18 -5.91908e-12
0.0637  -20.0295 0 0 0 1.93202e-36 1.93202e-36 2.19525e-12 6.03306e-27 7.33524e-13 -2.71285e-10 7.48606e-11 1.18025e-26 1.48202e-17 9.75878e-11 -9.04802e-22 1.26562e-10 6.80686e-12 1.75341e-11 3.74682e-12 1.39092e-28 -1.43316e-11 1.55718e-14 2.16965e-12 3.05489e-27 -6.76543e-13 -8.16085e-12 -5.5124e-11 3.63431e-27 2.07424e-11 -9.92616e-12 1.04664e-13 -4.50371e-12 9.93155e-15 1.90853e-12 1.77282e-18 -1.68997e-12 -1.70307e-12 2.42918e-16 -1.88465e-21 -8.66194e-13 1.83905e-21 9.21772e-12 6.92232e-13 -1.7984e-17 -2.74846e-11 1.00426e-10 -6.59071e-11 5.03025e-17 2.21472e-12 1.82362e-14 3.11227e-14 3.00229e-18 -5.91909e-12
0.0644  -11.1561 0 0 0 1.07497e-36 1.07497e-36 2.19525e-12 6.03307e-27 7.33524e-13 -2.71285e-10 7.48606e-11 1.18025e-26 8.24589e-18 9.75877e-11 -9.04806e-22 1.26562e-10 6.80686e-12 1.75341e-11 3.74682e-12 1.39092e-28 -1.43316e-11 1.55718e-14 2.16965e-12 3.05489e-27 -6.76543e-13 -8.16085e-12 -5.5124e-11 3.63431e-27 2.07424e-11 -9.92616e-12 1.04664e-13 -4.50371e-12 9.93156e-15 1.90853e-12 1.77282e-18 -1.68997e-12 -1.70306e-12 2.42919e-16 -1.88465e-21 -8.66196e-13 1.83905e-21 9.21772e-12 6.92233e-13 -1.00391e-17 -2.74846e-11 1.00426e-10 -6.59072e-11 5.03027e-17 2.21472e-12 1.82362e-14 3.11227e-14 3.0023e-18 -5.9191e-12
0.0651  -6.12144 0 0 0 5.89267e-37 5.89267e-37 2.19525e-12 6.03307e-27 7.33524e-13 -2.71285e-10 7.48606e-11 1.18025e-26 4.52016e-18 9.75877e-11 -9.04808e-22 1.26562e-10 6.80686e-12 1.75341e-11 3.74682e-12 1.39092e-28 -1.43316e-11 1.55718e-14 2.16965e-12 3.05489e-27 -6.76543e-13 -8.16085e-12 -5.5124e-11 3.63431e-27 2.07423e-11 -9.92615e-12 1.04664e-13 -4.50371e-12 9.93156e-15 1.90853e-12 1.77283e-18 -1.68997e-12 -1.70306e-12 2.42919e-16 -1.88466e-21 -8.66196e-13 1.83906e-21 9.21772e-12 6.92234e-13 -5.52017e-18 -2.74846e-11 1.00426e-10 -6.59072e-11 5.03027e-17 2.21472e-12 1.82362e-14 3.11227e-14 3.00231e-18 -5.9191e-12
0.0658  -3.30912 0 0 0 3.18252e-37 3.18252e-37 2.19525e-12 6.03307e-27 7.33524e-13 -2.71284e-10 7.48606e-11 1.18025e-26 2.44125e-18 9.75877e-11 -9.04809e-22 1.26562e-10 6.80686e-12 1.75341e-11 3.74683e-12 1.39092e-28 -1.43316e-11 1.55718e-14 2.16965e-12 3.05489e-27 -6.76543e-13 -8.16085e-12 -5.5124e-11 3.63431e-27 2.07423e-11 -9.92615e-12 1.04664e-13 -4.50371e-12 9.93156e-15 1.90853e-12 1.77283e-18 -1.68997e-12 -1.70306e-12 2.42919e-16 -1.88466e-21 -8.66197e-13 1.83906e-21 9.21772e-12 6.92234e-13 -2.99004e-18 -2.74845e-11 1.00426e-10 -6.59072e-11 5.03028e-17 2.21472e-12 1.82362e-14 3.11227e-14 3.00231e-18 -5.9191e-12
0.0665  -1.76237 0 0 0 1.69348e-37 1.69348e-37 2.19525e-12 6.03307e-27 7.33524e-13 -2.71284e-10 7.48606e-11 1.18025e-26 1.29904e-18 9.75877e-11 -9.0481e-22 1.26562e-10 6.80686e-12 1.75341e-11 3.74683e-12 1.39092e-28 -1.43316e-11 1.55718e-14 2.16965e-12 3.05489e-27 -6.76543e-13 -8.16085e-12 -5.5124e-11 3.63431e-27 2.07423e-11 -9.92615e-12 1.04664e-13 -4.50371e-12 9.93156e-15 1.90853e-12 1.77283e-18 -1.68997e-12 -1.70306e-12 2.42919e-16 -1.88466e-21 -8.66197e-13 1.83906e-21 9.21772e-12 6.92234e-13 -1.59551e-18 -2.74845e-11 1.00426e-10 -6.59072e-11 5.03028e-17 2.21472e-12 1.82362e-14 3.11228e-14 3.00231e-18 -5.9191e-12
0.0672  -0.924743 0 0 0 8.87872e-38 8.87872e-38 2.19525e-12 6.03307e-27 7.33524e-13 -2.71284e-10 7.48606e-11 1.18025e-26 6.81071e-19 9.75877e-11 -9.0481e-22 1.26562e-10 6.80686e-12 1.75341e-11 3.74683e-12 1.39092e-28 -1.43316e-11 1.55718e-14 2.16965e-12 3.05489e-27 -6.76543e-13 -8.16085e-12 -5.5124e-11 3.63431e-27 2.07423e-11 -9.92615e-12 1.04664e-13 -4.50371e-12 9.93156e-15 1.90853e-12 1.77283e-18 -1.68997e-12 -1.70306e-12 2.42919e-16 -1.88466e-21 -8.66197e-13 1.83906e-21 9.21772e-12 6.92234e-13 -8.38796e-19 -2.74845e-11 1.00426e-10 -6.59072e-11 5.03028e-17 2.21472e-12 1.82362e-14 3.11228e-14 3.00231e-18 -5.9191e-12
0.0679  -0.47807 0 0 0 4.58658e-38 4.58658e-38 2.19525e-12 6.03307e-27 7.33524e-13 -2.71284e-10 7.48606e-11 1.18025e-26 3.51829e-19 9.75877e-11 -9.0481e-22 1.26562e-10 6.80686e-12 1.75341e-11 3.74683e-12 1.39092e-28 -1.43316e-11 1.55718e-14 2.16965e-12 3.05489e-27 -6.76543e-13 -8.16085e-12 -5.5124e-11 3.63431e-27 2.07423e-11 -9.92615e-12 1.04664e-13 -4.50371e-12 9.93156e-15 1.90853e-12 1.77283e-18 -1.68997e-12 -1.70306e-12 2.42919e-16 -1.88466e-21 -8.66197e-13 1.83906e-21 9.21772e-12 6.92235e-13 -4.34515e-19 -2.74845e-11 1.00426e-10 -6.59072e-11 5.03028e-17 2.21472e-12 1.82362e-14 3.11228e-14 3.00231e-18 -5.9191e-12
0.0686  -0.243511 0 0 0 2.33455e-38 2.33455e-38 2.19525e-12 6.03307e-27 7.33524e-13 -2.71284e-10 7.48606e-11 1.18025e-26 1.79079e-19 9.75877e-11 -9.0481e-22 1.26562e-10 6.80686e-12 1.75341e-11 3.74683e-12 1.39092e-28 -1.43316e-11 1.55718e-14 2.16965e-12 3.05489e-27 -6.76543e-13 -8.16085e-12 -5.5124e-11 3.63431e-27 2.07423e-11 -9.92615e-12 1.04664e-13 -4.50371e-12 9.93156e-15 1.90853e-12 1.77283e-18 -1.68997e-12 -1.70306e-12 2.42919e-16 -1.88466e-21 -8.66197e-13 1.83906e-21 9.21772e-12 6.92235e-13 -2.21844e-19 -2.74845e-11 1.00426e-10 -6.59072e-11 5.03028e-17 2.21472e-12 1.82362e-14 3.11228e-14 3.00231e-18 -5.9191e-12
0.0693  -0.073557 0 0 0 7.14445e-39 7.14445e-39 2.19525e-12 6.03307e-27 7.33524e-13 -2.71284e-10 7.48606e-11 1.18025e-26 -2.95906e-13 9.75877e-11 -9.0481e-22 1.26562e-10 6.80686e-12 1.75341e-11 3.74683e-12 1.39092e-28 -1.43316e-11 1.55718e-14 2.16965e-12 3.05489e-27 -6.76543e-13 -8.16085e-12 -5.5124e-11 3.63431e-27 2.07423e-11 -9.92615e-12 1.04664e-13 -4.50371e-12 9.93156e-15 1.90853e-12 1.77283e-18 -1.68997e-12 -1.70306e-12 2.42919e-16 -1.88466e-21 -8.66197e-13 1.83906e-21 9.21772e-12 6.92235e-13 -6.54535e-20 -2.74845e-11 1.00426e-10 -6.59072e-11 5.03028e-17 2.21472e-12 1.82362e-14 3.11228e-14 3.00231e-18 -5.9191e-12
0.072104  -0.0120308 0 0 0 1.16115e-39 1.16115e-39 2.19525e-12 6.03307e-27 7.33524e-13 -2.71284e-10 7.48606e-11 1.18025e-26 6.83348e-14 9.75877e-11 -9.0481e-22 1.26562e-10 6.80686e-12 1.75341e-11 3.74683e-12 1.39092e-28 -1.43316e-11 1.55718e-14 2.16965e-12 3.05489e-27 -6.76543e-13 -8.16085e-12 -5.5124e-11 3.63431e-27 2.07423e-11 -9.92615e-12 1.04664e-13 -4.50371e-12 9.93156e-15 1.90853e-12 1.77283e-18 -1.68997e-12 -1.70306e-12 2.42919e-16 -1.88466e-21 -8.66197e-13 1.83906e-21 9.21772e-12 6.92235e-13 -1.11703e-20 -2.74845e-11 1.00426e-10 -6.59072e-11 5.03028e-17 2.21472e-12 1.82362e-14 3.11228e-14 3.00231e-18 -5.9191e-12
0.0750215  -0.000529436 0 0 0 6.84383e-33 6.84383e-33 2.19525e-12 6.03308e-27 7.33524e-13 -2.713e-10 7.48606e-11 1.18025e-26 3.9267e-22 9.75877e-11 -9.0481e-22 1.26562e-10 6.80686e-12 1.75341e-11 3.74683e-12 1.39099e-28 -1.43316e-11 1.55718e-14 2.16965e-12 3.0549e-27 -6.76543e-13 -8.16085e-12 -5.5124e-11 3.63431e-27 2.07423e-11 -9.92615e-12 1.04664e-13 -4.50371e-12 9.93156e-15 1.90853e-12 1.77283e-18 -1.68997e-12 -1.70306e-12 2.42919e-16 -1.88466e-21 -8.66197e-13 1.83906e-21 9.21772e-12 6.92235e-13 -8.54716e-22 -2.74845e-11 1.00426e-10 -6.59072e-11 5.03028e-17 2.21472e-12 1.82362e-14 3.11228e-14 3.00231e-18 -5.9191e-12
0.0780571  -1.4283e-05 0 0 0 -6.32188e-33 -6.32188e-33 2.19525e-12 6.03307e-27 7.33524e-13 -2.71299e-10 7.48606e-11 1.18025e-26 -5.83091e-14 9.75877e-11 -9.0481e-22 1.26562e-10 6.80686e-12 1.75341e-11 3.74683e-12 1.39086e-28 -1.43316e-11 1.55718e-14 2.16965e-12 3.05488e-27 -6.76543e-13 -8.16085e-12 -5.5124e-11 3.6343e-27 2.07423e-11 -9.92615e-12 1.04664e-13 -4.50371e-12 9.93156e-15 1.90853e-12 1.77283e-18 -1.68997e-12 -1.70306e-12 2.42919e-16 -1.88466e-21 -8.66197e-13 1.83906e-21 9.21772e-12 6.92235e-13 -3.91081e-22 -2.74845e-11 1.00426e-10 -6.59072e-11 5.03028e-17 2.21472e-12 1.82362e-14 3.11228e-14 3.00231e-18 -5.9191e-12
0.0812155  1.55716e-06 0 0 0 5.83974e-33 5.83974e-33 2.19525e-12 6.03308e-27 7.33524e-13 -2.71271e-10 7.48606e-11 1.18025e-26 2.69311e-14 9.75877e-11 -9.0481e-22 1.26562e-10 6.80686e-12 1.75341e-11 3.74683e-12 1.39098e-28 -1.43316e-11 1.55718e-14 2.16965e-12 3.0549e-27 -6.76543e-13 -8.16085e-12 -5.5124e-11 3.63431e-27 2.07423e-11 -9.92615e-12 1.04664e-13 -4.50371e-12 9.93156e-15 1.90853e-12 1.77283e-18 -1.68997e-12 -1.70306e-12 2.42919e-16 -1.88466e-21 -8.66197e-13 1.83906e-21 9.21772e-12 6.92235e-13 -3.76785e-22 -2.74845e-11 1.00426e-10 -6.59072e-11 5.03028e-17 2.21472e-12 1.82362e-14 3.11228e-14 3.00231e-18 -5.9191e-12
0.0845016  1.87924e-06 0 0 0 -5.39437e-33 -5.39437e-33 2.19525e-12 6.03307e-27 7.33524e-13 -2.71284e-10 7.48606e-11 1.18025e-26 3.2566e-27 9.75877e-11 -9.0481e-22 1.26562e-10 6.80686e-12 1.75341e-11 3.74683e-12 1.39087e-28 -1.43316e-11 1.55718e-14 2.16965e-12 3.05488e-27 -6.76543e-13 -8.16085e-12 -5.5124e-11 3.6343e-27 2.07423e-11 -9.92615e-12 1.04664e-13 -4.50371e-12 9.93156e-15 1.90853e-12 1.77283e-18 -1.68997e-12 -1.70306e-12 2.42919e-16 -1.88466e-21 -8.66197e-13 1.83906e-21 9.21772e-12 6.92235e-13 -3.76492e-22 -2.74845e-11 1.00426e-10 -6.59072e-11 5.03028e-17 2.21472e-12 1.82362e-14 3.11228e-14 3.00231e-18 -5.9191e-12
0.0879208  1.88416e-06 0 0 0 0 0 2.19525e-12 6.03307e-27 7.33524e-13 -2.71284e-10 7.48606e-11 1.18025e-26 -2.29799e-14 9.75877e-11 -9.0481e-22 1.26562e-10 6.80686e-12 1.75341e-11 3.74683e-12 1.39092e-28 -1.43316e-11 1.55718e-14 2.16965e-12 3.05489e-27 -6.76543e-13 -8.16085e-12 -5.5124e-11 3.63431e-27 2.07423e-11 -9.92615e-12 1.04664e-13 -4.50371e-12 9.93156e-15 1.90853e-12 1.77283e-18 -1.68997e-12 -1.70306e-12 2.42919e-16 -1.88466e-21 -8.66197e-13 1.83906e-21 9.21772e-12 6.92235e-13 -3.76488e-22 -2.74845e-11 1.00426e-10 -6.59072e-11 5.03028e-17 2.21472e-12 1.82362e-14 3.11228e-14 3.00231e-18 -5.9191e-12
0.0914782  1.88416e-06 0 0 0 4.60294e-33 4.60294e-33 2.19525e-12 6.03308e-27 7.33524e-13 -2.71284e-10 7.48606e-11 1.18025e-26 0 9.75877e-11 -9.0481e-22 1.26562e-10 6.80686e-12 1.75341e-11 3.74683e-12 1.39097e-28 -1.43316e-11 1.55718e-14 2.16965e-12 3.05489e-27 -6.76543e-13 -8.16085e-12 -5.5124e-11 3.63431e-27 2.07423e-11 -9.92615e-12 1.04664e-13 -4.50371e-12 9.93156e-15 1.90853e-12 1.77283e-18 -1.68997e-12 -1.70306e-12 2.42919e-16 -1.88466e-21 -8.66197e-13 1.83906e-21 9.21772e-12 6.92235e-13 -3.76488e-22 -2.74845e-11 1.00426e-10 -6.59072e-11 5.03028e-17 2.21472e-12 1.82362e-14 3.11228e-14 3.00231e-18 -5.9191e-12
0.0951797  1.88418e-06 0 0 0 0 0 2.19525e-12 6.03307e-27 7.33524e-13 -2.71284e-10 7.48606e-11 1.18025e-26 0 9.75877e-11 -9.0481e-22 1.26562e-10 6.80686e-12 1.75341e-11 3.74683e-12 1.39092e-28 -1.43316e-11 1.55718e-14 2.16965e-12 3.05489e-27 -6.76543e-13 -8.16085e-12 -5.5124e-11 3.63431e-27 2.07423e-11 -9.92615e-12 1.04664e-13 -4.50371e-12 9.93156e-15 1.90853e-12 1.77283e-18 -1.68997e-12 -1.70306e-12 2.42919e-16 -1.88466e-21 -8.66197e-13 1.83906e-21 9.21772e-12 6.92235e-13 -3.76488e-22 -2.74845e-11 1.00426e-10 -6.59072e-11 5.03028e-17 2.21472e-12 1.82362e-14 3.11228e-14 3.00231e-18 -5.9191e-12
0.0990309  1.88418e-06 0 0 0 1.96381e-33 1.96381e-33 2.19525e-12 6.03307e-27 7.33524e-13 -2.7128e-10 7.48606e-11 1.18025e-26 3.62259e-14 9.75877e-11 -9.0481e-22 1.26562e-10 6.80686e-12 1.75341e-11 3.74683e-12 1.39094e-28 -1.43316e-11 1.55718e-14 2.16965e-12 3.05489e-27 -6.76543e-13 -8.16085e-12 -5.5124e-11 3.63431e-27 2.07423e-11 -9.92615e-12 1.04664e-13 -4.50371e-12 9.93156e-15 1.90853e-12 1.77283e-18 -1.68997e-12 -1.70306e-12 2.42919e-16 -1.88466e-21 -8.66197e-13 1.83906e-21 9.21772e-12 6.92235e-13 -3.76488e-22 -2.74845e-11 1.00426e-10 -6.59072e-11 5.03028e-17 2.21472e-12 1.82362e-14 3.11228e-14 3.00231e-18 -5.9191e-12
0.103038  1.88416e-06 0 0 0 0 0 2.19525e-12 6.03307e-27 7.33524e-13 -2.71284e-10 7.48606e-11 1.18025e-26 -1.67316e-14 9.75877e-11 -9.0481e-22 1.26562e-10 6.80686e-12 1.75341e-11 3.74683e-12 1.39092e-28 -1.43316e-11 1.55718e-14 2.16965e-12 3.05489e-27 -6.76543e-13 -8.16085e-12 -5.5124e-11 3.63431e-27 2.07423e-11 -9.92615e-12 1.04664e-13 -4.50371e-12 9.93156e-15 1.90853e-12 1.77283e-18 -1.68997e-12 -1.70306e-12 2.42919e-16 -1.88466e-21 -8.66197e-13 1.83906e-21 9.21772e-12 6.92235e-13 -3.76488e-22 -2.74845e-11 1.00426e-10 -6.59072e-11 5.03028e-17 2.21472e-12 1.82362e-14 3.11228e-14 3.00231e-18 -5.9191e-12
0.107207  1.88415e-06 0 0 0 0 0 2.19525e-12 6.03307e-27 7.33524e-13 -2.71284e-10 7.48606e-11 1.18025e-26 0 9.75877e-11 -9.0481e-22 1.26562e-10 6.80686e-12 1.75341e-11 3.74683e-12 1.39092e-28 -1.43316e-11 1.55718e-14 2.16965e-12 3.05489e-27 -6.76543e-13 -8.16085e-12 -5.5124e-11 3.63431e-27 2.07423e-11 -9.92615e-12 1.04664e-13 -4.50371e-12 9.93156e-15 1.90853e-12 1.77283e-18 -1.68997e-12 -1.70306e-12 2.42919e-16 -1.88466e-21 -8.66197e-13 1.83906e-21 9.21772e-12 6.92235e-13 -3.76488e-22 -2.74845e-11 1.00426e-10 -6.59072e-11 5.03028e-17 2.21472e-12 1.82362e-14 3.11228e-14 3.00231e-18 -5.9191e-12
0.111545  1.88416e-06 0 0 0 0 0 2.19525e-12 6.03307e-27 7.33524e-13 -2.71288e-10 7.48606e-11 1.18025e-26 -1.42768e-14 9.75877e-11 -9.0481e-22 1.26562e-10 6.80686e-12 1.75341e-11 3.74683e-12 1.39092e-28 -1.43316e-11 1.55718e-14 2.16965e-12 3.05489e-27 -6.76543e-13 -8.16085e-12 -5.5124e-11 3.63431e-27 2.07423e-11 -9.92615e-12 1.04664e-13 -4.50371e-12 9.93156e-15 1.90853e-12 1.77283e-18 -1.68997e-12 -1.70306e-12 2.42919e-16 -1.88466e-21 -8.66197e-13 1.83906e-21 9.21772e-12 6.92235e-13 -3.76488e-22 -2.74845e-11 1.00426e-10 -6.59072e-11 5.03028e-17 2.21472e-12 1.82362e-14 3.11228e-14 3.00231e-18 -5.9191e-12
0.116058  1.88418e-06 0 0 0 1.42985e-33 1.42985e-33 2.19525e-12 6.03307e-27 7.33524e-13 -2.71281e-10 7.48606e-11 1.18025e-26 1.3188e-14 9.75877e-11 -9.0481e-22 1.26562e-10 6.80686e-12 1.75341e-11 3.74683e-12 1.39093e-28 -1.43316e-11 1.55718e-14 2.16965e-12 3.05489e-27 -6.76543e-13 -8.16085e-12 -5.5124e-11 3.63431e-27 2.07423e-11 -9.92615e-12 1.04664e-13 -4.50371e-12 9.93156e-15 1.90853e-12 1.77283e-18 -1.68997e-12 -1.70306e-12 2.42919e-16 -1.88466e-21 -8.66197e-13 1.83906e-21 9.21772e-12 6.92235e-13 -3.76488e-22 -2.74845e-11 1.00426e-10 -6.59072e-11 5.03028e-17 2.21472e-12 1.82362e-14 3.11228e-14 3.00231e-18 -5.9191e-12
0.120754  1.88415e-06 0 0 0 0 0 2.19525e-12 6.03307e-27 7.33524e-13 -2.71284e-10 7.48606e-11 1.18025e-26 0 9.75877e-11 -9.0481e-22 1.26562e-10 6.80686e-12 1.75341e-11 3.74683e-12 1.39092e-28 -1.43316e-11 1.55718e-14 2.16965e-12 3.05489e-27 -6.76543e-13 -8.16085e-12 -5.5124e-11 3.63431e-27 2.07423e-11 -9.92615e-12 1.04664e-13 -4.50371e-12 9.93156e-15 1.90853e-12 1.77283e-18 -1.68997e-12 -1.70306e-12 2.42919e-16 -1.88466e-21 -8.66197e-13 1.83906e-21 9.21772e-12 6.92235e-13 -3.76488e-22 -2.74845e-11 1.00426e-10 -6.59072e-11 5.03028e-17 2.21472e-12 1.82362e-14 3.11228e-14 3.00231e-18 -5.9191e-12
0.12564  1.88416e-06 0 0 0 0 0 2.19525e-12 6.03307e-27 7.33524e-13 -2.71284e-10 7.48606e-11 1.18025e-26 0 9.75877e-11 -9.0481e-22 1.26562e-10 6.80686e-12 1.75341e-11 3.74683e-12 1.39092e-28 -1.43316e-11 1.55718e-14 2.16965e-12 3.05489e-27 -6.76543e-13 -8.16085e-12 -5.5124e-11 3.63431e-27 2.07423e-11 -9.92615e-12 1.04664e-13 -4.50371e-12 9.93156e-15 1.90853e-12 1.77283e-18 -1.68997e-12 -1.70306e-12 2.42919e-16 -1.88466e-21 -8.66197e-13 1.83906e-21 9.21772e-12 6.92235e-13 -3.76488e-22 -2.74845e-11 1.00426e-10 -6.59072e-11 5.03028e-17 2.21472e-12 1.82362e-14 3.11228e-14 3.00231e-18 -5.9191e-12
0.130724  1.88416e-06 0 0 0 0 0 2.19525e-12 6.03307e-27 7.33524e-13 -2.71284e-10 7.48606e-11 1.18025e-26 0 9.75877e-11 -9.0481e-22 1.26562e-10 6.80686e-12 1.75341e-11 3.74683e-12 1.39092e-28 -1.43316e-11 1.55718e-14 2.16965e-12 3.05489e-27 -6.76543e-13 -8.16085e-12 -5.5124e-11 3.63431e-27 2.07423e-11 -9.92615e-12 1.04664e-13 -4.50371e-12 9.93156e-15 1.90853e-12 1.77283e-18 -1.68997e-12 -1.70306e-12 2.42919e-16 -1.88466e-21 -8.66197e-13 1.83906e-21 9.21772e-12 6.92235e-13 -3.76488e-22 -2.74845e-11 1.00426e-10 -6.59072e-11 5.03028e-17 2.21472e-12 1.82362e-14 3.11228e-14 3.00231e-18 -5.9191e-12
0.136013  1.88416e-06 0 0 0 0 0 2.19525e-12 6.03307e-27 7.33524e-13 -2.71287e-10 7.48606e-11 1.18025e-26 0 9.75877e-11 -9.0481e-22 1.26562e-10 6.80686e-12 1.75341e-11 3.74683e-12 1.39092e-28 -1.43316e-11 1.55718e-14 2.16965e-12 3.05489e-27 -6.76543e-13 -8.16085e-12 -5.5124e-11 3.63431e-27 2.07423e-11 -9.92615e-12 1.04664e-13 -4.50371e-12 9.93156e-15 1.90853e-12 1.77283e-18 -1.68997e-12 -1.70306e-12 2.42919e-16 -1.88466e-21 -8.66197e-13 1.83906e-21 9.21772e-12 6.92235e-13 -3.76488e-22 -2.74845e-11 1.00426e-10 -6.59072e-11 5.03028e-17 2.21472e-12 1.82362e-14 3.11228e-14 3.00231e-18 -5.9191e-12
0.141517  1.88416e-06 0 0 0 0 0 2.19525e-12 6.03307e-27 7.33524e-13 -2.71287e-10 7.48606e-11 1.18025e-26 8.86983e-15 9.75877e-11 -9.0481e-22 1.26562e-10 6.80686e-12 1.75341e-11 3.74683e-12 1.39092e-28 -1.43316e-11 1.55718e-14 2.16965e-12 3.05489e-27 -6.76543e-13 -8.16085e-12 -5.5124e-11 3.63431e-27 2.07423e-11 -9.92615e-12 1.04664e-13 -4.50371e-12 9.93156e-15 1.90853e-12 1.77283e-18 -1.68997e-12 -1.70306e-12 2.42919e-16 -1.88466e-21 -8.66197e-13 1.83906e-21 9.21772e-12 6.92235e-13 -3.76488e-22 -2.74845e-11 1.00426e-10 -6.59072e-11 5.03028e-17 2.21472e-12 1.82362e-14 3.11228e-14 3.00231e-18 -5.9191e-12
0.147243  1.88416e-06 0 0 0 8.88327e-34 8.88327e-34 2.19525e-12 6.03307e-27 7.33524e-13 -2.71284e-10 7.48606e-11 1.18025e-26 0 9.75877e-11 -9.0481e-22 1.26562e-10 6.80686e-12 1.75341e-11 3.74683e-12 1.39093e-28 -1.43316e-11 1.55718e-14 2.16965e-12 3.05489e-27 -6.76543e-13 -8.16085e-12 -5.5124e-11 3.63431e-27 2.07423e-11 -9.92615e-12 1.04664e-13 -4.50371e-12 9.93156e-15 1.90853e-12 1.77283e-18 -1.68997e-12 -1.70306e-12 2.42919e-16 -1.88466e-21 -8.66197e-13 1.83906e-21 9.21772e-12 6.92235e-13 -3.76488e-22 -2.74845e-11 1.00426e-10 -6.59072e-11 5.03028e-17 2.21472e-12 1.82362e-14 3.11228e-14 3.00231e-18 -5.9191e-12
0.153201  1.88416e-06 0 0 0 -8.20578e-34 -8.20578e-34 2.19525e-12 6.03307e-27 7.33524e-13 -2.71286e-10 7.48606e-11 1.18025e-26 -7.5685e-15 9.75877e-11 -9.0481e-22 1.26562e-10 6.80686e-12 1.75341e-11 3.74683e-12 1.39091e-28 -1.43316e-11 1.55718e-14 2.16965e-12 3.05489e-27 -6.76543e-13 -8.16085e-12 -5.5124e-11 3.6343e-27 2.07423e-11 -9.92615e-12 1.04664e-13 -4.50371e-12 9.93156e-15 1.90853e-12 1.77283e-18 -1.68997e-12 -1.70306e-12 2.42919e-16 -1.88466e-21 -8.66197e-13 1.83906e-21 9.21772e-12 6.92235e-13 -3.76488e-22 -2.74845e-11 1.00426e-10 -6.59072e-11 5.03028e-17 2.21472e-12 1.82362e-14 3.11228e-14 3.00231e-18 -5.9191e-12
0.159399  1.88416e-06 0 0 0 0 0 2.19525e-12 6.03307e-27 7.33524e-13 -2.71284e-10 7.48606e-11 1.18025e-26 0 9.75877e-11 -9.0481e-22 1.26562e-10 6.80686e-12 1.75341e-11 3.74683e-12 1.39092e-28 -1.43316e-11 1.55718e-14 2.16965e-12 3.05489e-27 -6.76543e-13 -8.16085e-12 -5.5124e-11 3.63431e-27 2.07423e-11 -9.92615e-12 1.04664e-13 -4.50371e-12 9.93156e-15 1.90853e-12 1.77283e-18 -1.68997e-12 -1.70306e-12 2.42919e-16 -1.88466e-21 -8.66197e-13 1.83906e-21 9.21772e-12 6.92235e-13 -3.76488e-22 -2.74845e-11 1.00426e-10 -6.59072e-11 5.03028e-17 2.21472e-12 1.82362e-14 3.11228e-14 3.00231e-18 -5.9191e-12
0.165849  1.88416e-06 0 0 0 -7.00188e-34 -7.00188e-34 2.19525e-12 6.03307e-27 7.33524e-13 -2.71284e-10 7.48606e-11 1.18025e-26 -3.22905e-15 9.75877e-11 -9.0481e-22 1.26562e-10 6.80686e-12 1.75341e-11 3.74683e-12 1.39091e-28 -1.43316e-11 1.55718e-14 2.16965e-12 3.05489e-27 -6.76543e-13 -8.16085e-12 -5.5124e-11 3.6343e-27 2.07423e-11 -9.92615e-12 1.04664e-13 -4.50371e-12 9.93156e-15 1.90853e-12 1.77283e-18 -1.68997e-12 -1.70306e-12 2.42919e-16 -1.88466e-21 -8.66197e-13 1.83906e-21 9.21772e-12 6.92235e-13 -3.76488e-22 -2.74845e-11 1.00426e-10 -6.59072e-11 5.03028e-17 2.21472e-12 1.82362e-14 3.11228e-14 3.00231e-18 -5.9191e-12
0.17256  1.88417e-06 0 0 0 0 0 2.19525e-12 6.03307e-27 7.33524e-13 -2.71284e-10 7.48606e-11 1.18025e-26 2.98278e-15 9.75877e-11 -9.0481e-22 1.26562e-10 6.80686e-12 1.75341e-11 3.74683e-12 1.39092e-28 -1.43316e-11 1.55718e-14 2.16965e-12 3.05489e-27 -6.76543e-13 -8.16085e-12 -5.5124e-11 3.63431e-27 2.07423e-11 -9.92615e-12 1.04664e-13 -4.50371e-12 9.93156e-15 1.90853e-12 1.77283e-18 -1.68997e-12 -1.70306e-12 2.42919e-16 -1.88466e-21 -8.66197e-13 1.83906e-21 9.21772e-12 6.92235e-13 -3.76488e-22 -2.74845e-11 1.00426e-10 -6.59072e-11 5.03028e-17 2.21472e-12 1.82362e-14 3.11228e-14 3.00231e-18 -5.9191e-12
0.179542  1.88416e-06 0 0 0 -5.9746e-34 -5.9746e-34 2.19525e-12 6.03307e-27 7.33524e-13 -2.71284e-10 7.48606e-11 1.18025e-26 -2.7553e-15 9.75877e-11 -9.0481e-22 1.26562e-10 6.80686e-12 1.75341e-11 3.74683e-12 1.39091e-28 -1.43316e-11 1.55718e-14 2.16965e-12 3.05489e-27 -6.76543e-13 -8.16085e-12 -5.5124e-11 3.6343e-27 2.07423e-11 -9.92615e-12 1.04664e-13 -4.50371e-12 9.93156e-15 1.90853e-12 1.77283e-18 -1.68997e-12 -1.70306e-12 2.42919e-16 -1.88466e-21 -8.66197e-13 1.83906e-21 9.21772e-12 6.92235e-13 -3.76488e-22 -2.74845e-11 1.00426e-10 -6.59072e-11 5.03028e-17 2.21472e-12 1.82362e-14 3.11228e-14 3.00231e-18 -5.9191e-12
0.186807  1.88416e-06 0 0 0 0 0 2.19525e-12 6.03307e-27 7.33524e-13 -2.71286e-10 7.48606e-11 1.18025e-26 -2.54517e-15 9.75877e-11 -9.0481e-22 1.26562e-10 6.80686e-12 1.75341e-11 3.74683e-12 1.39092e-28 -1.43316e-11 1.55718e-14 2.16965e-12 3.05489e-27 -6.76543e-13 -8.16085e-12 -5.5124e-11 3.63431e-27 2.07423e-11 -9.92615e-12 1.04664e-13 -4.50371e-12 9.93156e-15 1.90853e-12 1.77283e-18 -1.68997e-12 -1.70306e-12 2.42919e-16 -1.88466e-21 -8.66197e-13 1.83906e-21 9.21772e-12 6.92235e-13 -3.76488e-22 -2.74845e-11 1.00426e-10 -6.59072e-11 5.03028e-17 2.21472e-12 1.82362e-14 3.11228e-14 3.00231e-18 -5.9191e-12
0.194365  1.88417e-06 0 0 0 0 0 2.19525e-12 6.03307e-27 7.33524e-13 -2.71284e-10 7.48606e-11 1.18025e-26 2.35106e-15 9.75877e-11 -9.0481e-22 1.26562e-10 6.80686e-12 1.75341e-11 3.74683e-12 1.39092e-28 -1.43316e-11 1.55718e-14 2.16965e-12 3.05489e-27 -6.76543e-13 -8.16085e-12 -5.5124e-11 3.63431e-27 2.07423e-11 -9.92615e-12 1.04664e-13 -4.50371e-12 9.93156e-15 1.90853e-12 1.77283e-18 -1.68997e-12 -1.70306e-12 2.42919e-16 -1.88466e-21 -8.66197e-13 1.83906e-21 9.21772e-12 6.92235e-13 -3.76488e-22 -2.74845e-11 1.00426e-10 -6.59072e-11 5.03028e-17 2.21472e-12 1.82362e-14 3.11228e-14 3.00231e-18 -5.9191e-12
0.20223  1.88416e-06 0 0 0 0 0 2.19525e-12 6.03307e-27 7.33524e-13 -2.71285e-10 7.48606e-11 1.18025e-26 0 9.75877e-11 -9.0481e-22 1.26562e-10 6.80686e-12 1.75341e-11 3.74683e-12 1.39092e-28 -1.43316e-11 1.55718e-14 2.16965e-12 3.05489e-27 -6.76543e-13 -8.16085e-12 -5.5124e-11 3.63431e-27 2.07423e-11 -9.92615e-12 1.04664e-13 -4.50371e-12 9.93156e-15 1.90853e-12 1.77283e-18 -1.68997e-12 -1.70306e-12 2.42919e-16 -1.88466e-21 -8.66197e-13 1.83906e-21 9.21772e-12 6.92235e-13 -3.76488e-22 -2.74845e-11 1.00426e-10 -6.59072e-11 5.03028e-17 2.21472e-12 1.82362e-14 3.11228e-14 3.00231e-18 -5.9191e-12
0.210412  1.88416e-06 0 0 0 0 0 2.19525e-12 6.03307e-27 7.33524e-13 -2.71285e-10 7.48606e-11 1.18025e-26 -2.00612e-15 9.75877e-11 -9.0481e-22 1.26562e-10 6.80686e-12 1.75341e-11 3.74683e-12 1.39092e-28 -1.43316e-11 1.55718e-14 2.16965e-12 3.05489e-27 -6.76543e-13 -8.16085e-12 -5.5124e-11 3.63431e-27 2.07423e-11 -9.92615e-12 1.04664e-13 -4.50371e-12 9.93156e-15 1.90853e-12 1.77283e-18 -1.68997e-12 -1.70306e-12 2.42919e-16 -1.88466e-21 -8.66197e-13 1.83906e-21 9.21772e-12 6.92235e-13 -3.76488e-22 -2.74845e-11 1.00426e-10 -6.59072e-11 5.03028e-17 2.21472e-12 1.82362e-14 3.11228e-14 3.00231e-18 -5.9191e-12
0.218926  1.88416e-06 0 0 0 0 0 2.19525e-12 6.03307e-27 7.33524e-13 -2.71285e-10 7.48606e-11 1.18025e-26 -1.85313e-15 9.75877e-11 -9.0481e-22 1.26562e-10 6.80686e-12 1.75341e-11 3.74683e-12 1.39092e-28 -1.43316e-11 1.55718e-14 2.16965e-12 3.05489e-27 -6.76543e-13 -8.16085e-12 -5.5124e-11 3.63431e-27 2.07423e-11 -9.92615e-12 1.04664e-13 -4.50371e-12 9.93156e-15 1.90853e-12 1.77283e-18 -1.68997e-12 -1.70306e-12 2.42919e-16 -1.88466e-21 -8.66197e-13 1.83906e-21 9.21772e-12 6.92235e-13 -3.76488e-22 -2.74845e-11 1.00426e-10 -6.59072e-11 5.03028e-17 2.21472e-12 1.82362e-14 3.11228e-14 3.00231e-18 -5.9191e-12
0.227785  1.88416e-06 0 0 0 -1.85593e-34 -1.85593e-34 2.19525e-12 6.03307e-27 7.33524e-13 -2.71284e-10 7.48606e-11 1.18025e-26 -1.7118e-15 9.75877e-11 -9.0481e-22 1.26562e-10 6.80686e-12 1.75341e-11 3.74683e-12 1.39092e-28 -1.43316e-11 1.55718e-14 2.16965e-12 3.05489e-27 -6.76543e-13 -8.16085e-12 -5.5124e-11 3.63431e-27 2.07423e-11 -9.92615e-12 1.04664e-13 -4.50371e-12 9.93156e-15 1.90853e-12 1.77283e-18 -1.68997e-12 -1.70306e-12 2.42919e-16 -1.88466e-21 -8.66197e-13 1.83906e-21 9.21772e-12 6.92235e-13 -3.76488e-22 -2.74845e-11 1.00426e-10 -6.59072e-11 5.03028e-17 2.21472e-12 1.82362e-14 3.11228e-14 3.00231e-18 -5.9191e-12
0.237001  1.88416e-06 0 0 0 1.71439e-34 1.71439e-34 2.19525e-12 6.03307e-27 7.33524e-13 -2.71284e-10 7.48606e-11 1.18025e-26 0 9.75877e-11 -9.0481e-22 1.26562e-10 6.80686e-12 1.75341e-11 3.74683e-12 1.39092e-28 -1.43316e-11 1.55718e-14 2.16965e-12 3.05489e-27 -6.76543e-13 -8.16085e-12 -5.5124e-11 3.63431e-27 2.07423e-11 -9.92615e-12 1.04664e-13 -4.50371e-12 9.93156e-15 1.90853e-12 1.77283e-18 -1.68997e-12 -1.70306e-12 2.42919e-16 -1.88466e-21 -8.66197e-13 1.83906e-21 9.21772e-12 6.92235e-13 -3.76488e-22 -2.74845e-11 1.00426e-10 -6.59072e-11 5.03028e-17 2.21472e-12 1.82362e-14 3.11228e-14 3.00231e-18 -5.9191e-12
0.246591  1.88416e-06 0 0 0 -1.58364e-34 -1.58364e-34 2.19525e-12 6.03307e-27 7.33524e-13 -2.71285e-10 7.48606e-11 1.18025e-26 -1.46065e-15 9.75877e-11 -9.0481e-22 1.26562e-10 6.80686e-12 1.75341e-11 3.74683e-12 1.39092e-28 -1.43316e-11 1.55718e-14 2.16965e-12 3.05489e-27 -6.76543e-13 -8.16085e-12 -5.5124e-11 3.63431e-27 2.07423e-11 -9.92615e-12 1.04664e-13 -4.50371e-12 9.93156e-15 1.90853e-12 1.77283e-18 -1.68997e-12 -1.70306e-12 2.42919e-16 -1.88466e-21 -8.66197e-13 1.83906e-21 9.21772e-12 6.92235e-13 -3.76488e-22 -2.74845e-11 1.00426e-10 -6.59072e-11 5.03028e-17 2.21472e-12 1.82362e-14 3.11228e-14 3.00231e-18 -5.9191e-12
0.256568  1.88416e-06 0 0 0 -1.46287e-34 -1.46287e-34 2.19525e-12 6.03307e-27 7.33524e-13 -2.71284e-10 7.48606e-11 1.18025e-26 -1.34926e-15 9.75877e-11 -9.0481e-22 1.26562e-10 6.80686e-12 1.75341e-11 3.74683e-12 1.39092e-28 -1.43316e-11 1.55718e-14 2.16965e-12 3.05489e-27 -6.76543e-13 -8.16085e-12 -5.5124e-11 3.63431e-27 2.07423e-11 -9.92615e-12 1.04664e-13 -4.50371e-12 9.93156e-15 1.90853e-12 1.77283e-18 -1.68997e-12 -1.70306e-12 2.42919e-16 -1.88466e-21 -8.66197e-13 1.83906e-21 9.21772e-12 6.92235e-13 -3.76488e-22 -2.74845e-11 1.00426e-10 -6.59072e-11 5.03028e-17 2.21472e-12 1.82362e-14 3.11228e-14 3.00231e-18 -5.9191e-12
0.26695  1.88416e-06 0 0 0 -1.3513e-34 -1.3513e-34 2.19525e-12 6.03307e-27 7.33524e-13 -2.71284e-10 7.48606e-11 1.18025e-26 0 9.75877e-11 -9.0481e-22 1.26562e-10 6.80686e-12 1.75341e-11 3.74683e-12 1.39092e-28 -1.43316e-11 1.55718e-14 2.16965e-12 3.05489e-27 -6.76543e-13 -8.16085e-12 -5.5124e-11 3.63431e-27 2.07423e-11 -9.92615e-12 1.04664e-13 -4.50371e-12 9.93156e-15 1.90853e-12 1.77283e-18 -1.68997e-12 -1.70306e-12 2.42919e-16 -1.88466e-21 -8.66197e-13 1.83906e-21 9.21772e-12 6.92235e-13 -3.76488e-22 -2.74845e-11 1.00426e-10 -6.59072e-11 5.03028e-17 2.21472e-12 1.82362e-14 3.11228e-14 3.00231e-18 -5.9191e-12
0.277751  1.88416e-06 0 0 0 -1.24824e-34 -1.24824e-34 2.19525e-12 6.03307e-27 7.33524e-13 -2.71285e-10 7.48606e-11 1.18025e-26 -1.1513e-15 9.75877e-11 -9.0481e-22 1.26562e-10 6.80686e-12 1.75341e-11 3.74683e-12 1.39092e-28 -1.43316e-11 1.55718e-14 2.16965e-12 3.05489e-27 -6.76543e-13 -8.16085e-12 -5.5124e-11 3.63431e-27 2.07423e-11 -9.92615e-12 1.04664e-13 -4.50371e-12 9.93156e-15 1.90853e-12 1.77283e-18 -1.68997e-12 -1.70306e-12 2.42919e-16 -1.88466e-21 -8.66197e-13 1.83906e-21 9.21772e-12 6.92235e-13 -3.76488e-22 -2.74845e-11 1.00426e-10 -6.59072e-11 5.03028e-17 2.21472e-12 1.82362e-14 3.11228e-14 3.00231e-18 -5.9191e-12
0.28899  1.88416e-06 0 0 0 -1.15304e-34 -1.15304e-34 2.19525e-12 6.03307e-27 7.33524e-13 -2.71284e-10 7.48606e-11 1.18025e-26 0 9.75877e-11 -9.0481e-22 1.26562e-10 6.80686e-12 1.75341e-11 3.74683e-12 1.39092e-28 -1.43316e-11 1.55718e-14 2.16965e-12 3.05489e-27 -6.76543e-13 -8.16085e-12 -5.5124e-11 3.63431e-27 2.07423e-11 -9.92615e-12 1.04664e-13 -4.50371e-12 9.93156e-15 1.90853e-12 1.77283e-18 -1.68997e-12 -1.70306e-12 2.42919e-16 -1.88466e-21 -8.66197e-13 1.83906e-21 9.21772e-12 6.92235e-13 -3.76488e-22 -2.74845e-11 1.00426e-10 -6.59072e-11 5.03028e-17 2.21472e-12 1.82362e-14 3.11228e-14 3.00231e-18 -5.9191e-12
0.300683  1.88416e-06 0 0 0 1.06511e-34 1.06511e-34 2.19525e-12 6.03307e-27 7.33524e-13 -2.71284e-10 7.48606e-11 1.18025e-26 9.82388e-16 9.75877e-11 -9.0481e-22 1.26562e-10 6.80686e-12 1.75341e-11 3.74683e-12 1.39092e-28 -1.43316e-11 1.55718e-14 2.16965e-12 3.05489e-27 -6.76543e-13 -8.16085e-12 -5.5124e-11 3.63431e-27 2.07423e-11 -9.92615e-12 1.04664e-13 -4.50371e-12 9.93156e-15 1.90853e-12 1.77283e-18 -1.68997e-12 -1.70306e-12 2.42919e-16 -1.88466e-21 -8.66197e-13 1.83906e-21 9.21772e-12 6.92235e-13 -3.76488e-22 -2.74845e-11 1.00426e-10 -6.59072e-11 5.03028e-17 2.21472e-12 1.82362e-14 3.11228e-14 3.00231e-18 -5.9191e-12
0.312849  1.88416e-06 0 0 0 0 0 2.19525e-12 6.03307e-27 7.33524e-13 -2.71284e-10 7.48606e-11 1.18025e-26 0 9.75877e-11 -9.0481e-22 1.26562e-10 6.80686e-12 1.75341e-11 3.74683e-12 1.39092e-28 -1.43316e-11 1.55718e-14 2.16965e-12 3.05489e-27 -6.76543e-13 -8.16085e-12 -5.5124e-11 3.63431e-27 2.07423e-11 -9.92615e-12 1.04664e-13 -4.50371e-12 9.93156e-15 1.90853e-12 1.77283e-18 -1.68997e-12 -1.70306e-12 2.42919e-16 -1.88466e-21 -8.66197e-13 1.83906e-21 9.21772e-12 6.92235e-13 -3.76488e-22 -2.74845e-11 1.00426e-10 -6.59072e-11 5.03028e-17 2.21472e-12 1.82362e-14 3.11228e-14 3.00231e-18 -5.9191e-12
0.325508  1.88416e-06 0 0 0 9.08841e-35 9.08841e-35 2.19525e-12 6.03307e-27 7.33524e-13 -2.71284e-10 7.48606e-11 1.18025e-26 4.19129e-16 9.75877e-11 -9.0481e-22 1.26562e-10 6.80686e-12 1.75341e-11 3.74683e-12 1.39092e-28 -1.43316e-11 1.55718e-14 2.16965e-12 3.05489e-27 -6.76543e-13 -8.16085e-12 -5.5124e-11 3.63431e-27 2.07423e-11 -9.92615e-12 1.04664e-13 -4.50371e-12 9.93156e-15 1.90853e-12 1.77283e-18 -1.68997e-12 -1.70306e-12 2.42919e-16 -1.88466e-21 -8.66197e-13 1.83906e-21 9.21772e-12 6.92235e-13 -3.76488e-22 -2.74845e-11 1.00426e-10 -6.59072e-11 5.03028e-17 2.21472e-12 1.82362e-14 3.11228e-14 3.00231e-18 -5.9191e-12
0.338679  1.88416e-06 0 0 0 8.39528e-35 8.39528e-35 2.19525e-12 6.03307e-27 7.33524e-13 -2.71284e-10 7.48606e-11 1.18025e-26 7.74328e-16 9.75877e-11 -9.0481e-22 1.26562e-10 6.80686e-12 1.75341e-11 3.74683e-12 1.39092e-28 -1.43316e-11 1.55718e-14 2.16965e-12 3.05489e-27 -6.76543e-13 -8.16085e-12 -5.5124e-11 3.63431e-27 2.07423e-11 -9.92615e-12 1.04664e-13 -4.50371e-12 9.93156e-15 1.90853e-12 1.77283e-18 -1.68997e-12 -1.70306e-12 2.42919e-16 -1.88466e-21 -8.66197e-13 1.83906e-21 9.21772e-12 6.92235e-13 -3.76488e-22 -2.74845e-11 1.00426e-10 -6.59072e-11 5.03028e-17 2.21472e-12 1.82362e-14 3.11228e-14 3.00231e-18 -5.9191e-12
0.352382  1.88416e-06 0 0 0 -7.75501e-35 -7.75501e-35 2.19525e-12 6.03307e-27 7.33524e-13 -2.71285e-10 7.48606e-11 1.18025e-26 -3.57637e-16 9.75877e-11 -9.0481e-22 1.26562e-10 6.80686e-12 1.75341e-11 3.74683e-12 1.39092e-28 -1.43316e-11 1.55718e-14 2.16965e-12 3.05489e-27 -6.76543e-13 -8.16085e-12 -5.5124e-11 3.63431e-27 2.07423e-11 -9.92615e-12 1.04664e-13 -4.50371e-12 9.93156e-15 1.90853e-12 1.77283e-18 -1.68997e-12 -1.70306e-12 2.42919e-16 -1.88466e-21 -8.66197e-13 1.83906e-21 9.21772e-12 6.92235e-13 -3.76488e-22 -2.74845e-11 1.00426e-10 -6.59072e-11 5.03028e-17 2.21472e-12 1.82362e-14 3.11228e-14 3.00231e-18 -5.9191e-12
0.366641  1.88416e-06 0 0 0 0 0 2.19525e-12 6.03307e-27 7.33524e-13 -2.71284e-10 7.48606e-11 1.18025e-26 -6.60723e-16 9.75877e-11 -9.0481e-22 1.26562e-10 6.80686e-12 1.75341e-11 3.74683e-12 1.39092e-28 -1.43316e-11 1.55718e-14 2.16965e-12 3.05489e-27 -6.76543e-13 -8.16085e-12 -5.5124e-11 3.63431e-27 2.07423e-11 -9.92615e-12 1.04664e-13 -4.50371e-12 9.93156e-15 1.90853e-12 1.77283e-18 -1.68997e-12 -1.70306e-12 2.42919e-16 -1.88466e-21 -8.66197e-13 1.83906e-21 9.21772e-12 6.92235e-13 -3.76488e-22 -2.74845e-11 1.00426e-10 -6.59072e-11 5.03028e-17 2.21472e-12 1.82362e-14 3.11228e-14 3.00231e-18 -5.9191e-12
0.381476  1.88416e-06 0 0 0 3.30862e-35 3.30862e-35 2.19525e-12 6.03307e-27 7.33524e-13 -2.71284e-10 7.48606e-11 1.18025e-26 3.05166e-16 9.75877e-11 -9.0481e-22 1.26562e-10 6.80686e-12 1.75341e-11 3.74683e-12 1.39092e-28 -1.43316e-11 1.55718e-14 2.16965e-12 3.05489e-27 -6.76543e-13 -8.16085e-12 -5.5124e-11 3.63431e-27 2.07423e-11 -9.92615e-12 1.04664e-13 -4.50371e-12 9.93156e-15 1.90853e-12 1.77283e-18 -1.68997e-12 -1.70306e-12 2.42919e-16 -1.88466e-21 -8.66197e-13 1.83906e-21 9.21772e-12 6.92235e-13 -3.76488e-22 -2.74845e-11 1.00426e-10 -6.59072e-11 5.03028e-17 2.21472e-12 1.82362e-14 3.11228e-14 3.00231e-18 -5.9191e-12
0.396911  1.88416e-06 0 0 0 0 0 2.19525e-12 6.03307e-27 7.33524e-13 -2.71285e-10 7.48606e-11 1.18025e-26 0 9.75877e-11 -9.0481e-22 1.26562e-10 6.80686e-12 1.75341e-11 3.74683e-12 1.39092e-28 -1.43316e-11 1.55718e-14 2.16965e-12 3.05489e-27 -6.76543e-13 -8.16085e-12 -5.5124e-11 3.63431e-27 2.07423e-11 -9.92615e-12 1.04664e-13 -4.50371e-12 9.93156e-15 1.90853e-12 1.77283e-18 -1.68997e-12 -1.70306e-12 2.42919e-16 -1.88466e-21 -8.66197e-13 1.83906e-21 9.21772e-12 6.92235e-13 -3.76488e-22 -2.74845e-11 1.00426e-10 -6.59072e-11 5.03028e-17 2.21472e-12 1.82362e-14 3.11228e-14 3.00231e-18 -5.9191e-12
0.412971  1.88416e-06 0 0 0 0 0 2.19525e-12 6.03307e-27 7.33524e-13 -2.71285e-10 7.48606e-11 1.18025e-26 -2.60394e-16 9.75877e-11 -9.0481e-22 1.26562e-10 6.80686e-12 1.75341e-11 3.74683e-12 1.39092e-28 -1.43316e-11 1.55718e-14 2.16965e-12 3.05489e-27 -6.76543e-13 -8.16085e-12 -5.5124e-11 3.63431e-27 2.07423e-11 -9.92615e-12 1.04664e-13 -4.50371e-12 9.93156e-15 1.90853e-12 1.77283e-18 -1.68997e-12 -1.70306e-12 2.42919e-16 -1.88466e-21 -8.66197e-13 1.83906e-21 9.21772e-12 6.92235e-13 -3.76488e-22 -2.74845e-11 1.00426e-10 -6.59072e-11 5.03028e-17 2.21472e-12 1.82362e-14 3.11228e-14 3.00231e-18 -5.9191e-12
0.429681  1.88416e-06 0 0 0 -2.60789e-35 -2.60789e-35 2.19525e-12 6.03307e-27 7.33524e-13 -2.71285e-10 7.48606e-11 1.18025e-26 -2.40535e-16 9.75877e-11 -9.0481e-22 1.26562e-10 6.80686e-12 1.75341e-11 3.74683e-12 1.39092e-28 -1.43316e-11 1.55718e-14 2.16965e-12 3.05489e-27 -6.76543e-13 -8.16085e-12 -5.5124e-11 3.63431e-27 2.07423e-11 -9.92615e-12 1.04664e-13 -4.50371e-12 9.93156e-15 1.90853e-12 1.77283e-18 -1.68997e-12 -1.70306e-12 2.42919e-16 -1.88466e-21 -8.66197e-13 1.83906e-21 9.21772e-12 6.92235e-13 -3.76488e-22 -2.74845e-11 1.00426e-10 -6.59072e-11 5.03028e-17 2.21472e-12 1.82362e-14 3.11228e-14 3.00231e-18 -5.9191e-12
0.447067  1.88416e-06 0 0 0 2.409e-35 2.409e-35 2.19525e-12 6.03307e-27 7.33524e-13 -2.71284e-10 7.48606e-11 1.18025e-26 0 9.75877e-11 -9.0481e-22 1.26562e-10 6.80686e-12 1.75341e-11 3.74683e-12 1.39092e-28 -1.43316e-11 1.55718e-14 2.16965e-12 3.05489e-27 -6.76543e-13 -8.16085e-12 -5.5124e-11 3.63431e-27 2.07423e-11 -9.92615e-12 1.04664e-13 -4.50371e-12 9.93156e-15 1.90853e-12 1.77283e-18 -1.68997e-12 -1.70306e-12 2.42919e-16 -1.88466e-21 -8.66197e-13 1.83906e-21 9.21772e-12 6.92235e-13 -3.76488e-22 -2.74845e-11 1.00426e-10 -6.59072e-11 5.03028e-17 2.21472e-12 1.82362e-14 3.11228e-14 3.00231e-18 -5.9191e-12
0.465156  1.88416e-06 0 0 0 0 0 2.19525e-12 6.03307e-27 7.33524e-13 -2.71285e-10 7.48606e-11 1.18025e-26 -2.05245e-16 9.75877e-11 -9.0481e-22 1.26562e-10 6.80686e-12 1.75341e-11 3.74683e-12 1.39092e-28 -1.43316e-11 1.55718e-14 2.16965e-12 3.05489e-27 -6.76543e-13 -8.16085e-12 -5.5124e-11 3.63431e-27 2.07423e-11 -9.92615e-12 1.04664e-13 -4.50371e-12 9.93156e-15 1.90853e-12 1.77283e-18 -1.68997e-12 -1.70306e-12 2.42919e-16 -1.88466e-21 -8.66197e-13 1.83906e-21 9.21772e-12 6.92235e-13 -3.76488e-22 -2.74845e-11 1.00426e-10 -6.59072e-11 5.03028e-17 2.21472e-12 1.82362e-14 3.11228e-14 3.00231e-18 -5.9191e-12
0.483978  1.88416e-06 0 0 0 0 0 2.19525e-12 6.03307e-27 7.33524e-13 -2.71284e-10 7.48606e-11 1.18025e-26 0 9.75877e-11 -9.0481e-22 1.26562e-10 6.80686e-12 1.75341e-11 3.74683e-12 1.39092e-28 -1.43316e-11 1.55718e-14 2.16965e-12 3.05489e-27 -6.76543e-13 -8.16085e-12 -5.5124e-11 3.63431e-27 2.07423e-11 -9.92615e-12 1.04664e-13 -4.50371e-12 9.93156e-15 1.90853e-12 1.77283e-18 -1.68997e-12 -1.70306e-12 2.42919e-16 -1.88466e-21 -8.66197e-13 1.83906e-21 9.21772e-12 6.92235e-13 -3.76488e-22 -2.74845e-11 1.00426e-10 -6.59072e-11 5.03028e-17 2.21472e-12 1.82362e-14 3.11228e-14 3.00231e-18 -5.9191e-12
0.50356  1.88416e-06 0 0 0 0 0 2.19525e-12 6.03307e-27 7.33524e-13 -2.71284e-10 7.48606e-11 1.18025e-26 1.75133e-16 9.75877e-11 -9.0481e-22 1.26562e-10 6.80686e-12 1.75341e-11 3.74683e-12 1.39092e-28 -1.43316e-11 1.55718e-14 2.16965e-12 3.05489e-27 -6.76543e-13 -8.16085e-12 -5.5124e-11 3.63431e-27 2.07423e-11 -9.92615e-12 1.04664e-13 -4.50371e-12 9.93156e-15 1.90853e-12 1.77283e-18 -1.68997e-12 -1.70306e-12 2.42919e-16 -1.88466e-21 -8.66197e-13 1.83906e-21 9.21772e-12 6.92235e-13 -3.76488e-22 -2.74845e-11 1.00426e-10 -6.59072e-11 5.03028e-17 2.21472e-12 1.82362e-14 3.11228e-14 3.00231e-18 -5.9191e-12
0.523936  1.88416e-06 0 0 0 1.75398e-35 1.75398e-35 2.19525e-12 6.03307e-27 7.33524e-13 -2.71284e-10 7.48606e-11 1.18025e-26 0 9.75877e-11 -9.0481e-22 1.26562e-10 6.80686e-12 1.75341e-11 3.74683e-12 1.39092e-28 -1.43316e-11 1.55718e-14 2.16965e-12 3.05489e-27 -6.76543e-13 -8.16085e-12 -5.5124e-11 3.63431e-27 2.07423e-11 -9.92615e-12 1.04664e-13 -4.50371e-12 9.93156e-15 1.90853e-12 1.77283e-18 -1.68997e-12 -1.70306e-12 2.42919e-16 -1.88466e-21 -8.66197e-13 1.83906e-21 9.21772e-12 6.92235e-13 -3.76488e-22 -2.74845e-11 1.00426e-10 -6.59072e-11 5.03028e-17 2.21472e-12 1.82362e-14 3.11228e-14 3.00231e-18 -5.9191e-12
0.545135  1.88416e-06 0 0 0 0 0 2.19525e-12 6.03307e-27 7.33524e-13 -2.71285e-10 7.48606e-11 1.18025e-26 -1.49438e-16 9.75877e-11 -9.0481e-22 1.26562e-10 6.80686e-12 1.75341e-11 3.74683e-12 1.39092e-28 -1.43316e-11 1.55718e-14 2.16965e-12 3.05489e-27 -6.76543e-13 -8.16085e-12 -5.5124e-11 3.63431e-27 2.07423e-11 -9.92615e-12 1.04664e-13 -4.50371e-12 9.93156e-15 1.90853e-12 1.77283e-18 -1.68997e-12 -1.70306e-12 2.42919e-16 -1.88466e-21 -8.66197e-13 1.83906e-21 9.21772e-12 6.92235e-13 -3.76488e-22 -2.74845e-11 1.00426e-10 -6.59072e-11 5.03028e-17 2.21472e-12 1.82362e-14 3.11228e-14 3.00231e-18 -5.9191e-12
0.567193  1.88416e-06 0 0 0 1.49665e-35 1.49665e-35 2.19525e-12 6.03307e-27 7.33524e-13 -2.71284e-10 7.48606e-11 1.18025e-26 1.38041e-16 9.75877e-11 -9.0481e-22 1.26562e-10 6.80686e-12 1.75341e-11 3.74683e-12 1.39092e-28 -1.43316e-11 1.55718e-14 2.16965e-12 3.05489e-27 -6.76543e-13 -8.16085e-12 -5.5124e-11 3.63431e-27 2.07423e-11 -9.92615e-12 1.04664e-13 -4.50371e-12 9.93156e-15 1.90853e-12 1.77283e-18 -1.68997e-12 -1.70306e-12 2.42919e-16 -1.88466e-21 -8.66197e-13 1.83906e-21 9.21772e-12 6.92235e-13 -3.76488e-22 -2.74845e-11 1.00426e-10 -6.59072e-11 5.03028e-17 2.21472e-12 1.82362e-14 3.11228e-14 3.00231e-18 -5.9191e-12
0.590143  1.88416e-06 0 0 0 0 0 2.19525e-12 6.03307e-27 7.33524e-13 -2.71285e-10 7.48606e-11 1.18025e-26 0 9.75877e-11 -9.0481e-22 1.26562e-10 6.80686e-12 1.75341e-11 3.74683e-12 1.39092e-28 -1.43316e-11 1.55718e-14 2.16965e-12 3.05489e-27 -6.76543e-13 -8.16085e-12 -5.5124e-11 3.63431e-27 2.07423e-11 -9.92615e-12 1.04664e-13 -4.50371e-12 9.93156e-15 1.90853e-12 1.77283e-18 -1.68997e-12 -1.70306e-12 2.42919e-16 -1.88466e-21 -8.66197e-13 1.83906e-21 9.21772e-12 6.92235e-13 -3.76488e-22 -2.74845e-11 1.00426e-10 -6.59072e-11 5.03028e-17 2.21472e-12 1.82362e-14 3.11228e-14 3.00231e-18 -5.9191e-12
0.614021  1.88416e-06 0 0 0 0 0 2.19525e-12 6.03307e-27 7.33524e-13 -2.71284e-10 7.48606e-11 1.18025e-26 1.17789e-16 9.75877e-11 -9.0481e-22 1.26562e-10 6.80686e-12 1.75341e-11 3.74683e-12 1.39092e-28 -1.43316e-11 1.55718e-14 2.16965e-12 3.05489e-27 -6.76543e-13 -8.16085e-12 -5.5124e-11 3.63431e-27 2.07423e-11 -9.92615e-12 1.04664e-13 -4.50371e-12 9.93156e-15 1.90853e-12 1.77283e-18 -1.68997e-12 -1.70306e-12 2.42919e-16 -1.88466e-21 -8.66197e-13 1.83906e-21 9.21772e-12 6.92235e-13 -3.76488e-22 -2.74845e-11 1.00426e-10 -6.59072e-11 5.03028e-17 2.21472e-12 1.82362e-14 3.11228e-14 3.00231e-18 -5.9191e-12
0.638866  1.88416e-06 0 0 0 -1.17967e-35 -1.17967e-35 2.19525e-12 6.03307e-27 7.33524e-13 -2.71284e-10 7.48606e-11 1.18025e-26 -5.44028e-17 9.75877e-11 -9.0481e-22 1.26562e-10 6.80686e-12 1.75341e-11 3.74683e-12 1.39092e-28 -1.43316e-11 1.55718e-14 2.16965e-12 3.05489e-27 -6.76543e-13 -8.16085e-12 -5.5124e-11 3.63431e-27 2.07423e-11 -9.92615e-12 1.04664e-13 -4.50371e-12 9.93156e-15 1.90853e-12 1.77283e-18 -1.68997e-12 -1.70306e-12 2.42919e-16 -1.88466e-21 -8.66197e-13 1.83906e-21 9.21772e-12 6.92235e-13 -3.76488e-22 -2.74845e-11 1.00426e-10 -6.59072e-11 5.03028e-17 2.21472e-12 1.82362e-14 3.11228e-14 3.00231e-18 -5.9191e-12
0.664716  1.88416e-06 0 0 0 1.0897e-35 1.0897e-35 2.19525e-12 6.03307e-27 7.33524e-13 -2.71284e-10 7.48606e-11 1.18025e-26 5.02538e-17 9.75877e-11 -9.0481e-22 1.26562e-10 6.80686e-12 1.75341e-11 3.74683e-12 1.39092e-28 -1.43316e-11 1.55718e-14 2.16965e-12 3.05489e-27 -6.76543e-13 -8.16085e-12 -5.5124e-11 3.63431e-27 2.07423e-11 -9.92615e-12 1.04664e-13 -4.50371e-12 9.93156e-15 1.90853e-12 1.77283e-18 -1.68997e-12 -1.70306e-12 2.42919e-16 -1.88466e-21 -8.66197e-13 1.83906e-21 9.21772e-12 6.92235e-13 -3.76488e-22 -2.74845e-11 1.00426e-10 -6.59072e-11 5.03028e-17 2.21472e-12 1.82362e-14 3.11228e-14 3.00231e-18 -5.9191e-12
0.691612  1.88416e-06 0 0 0 0 0 2.19525e-12 6.03307e-27 7.33524e-13 -2.71284e-10 7.48606e-11 1.18025e-26 0 9.75877e-11 -9.0481e-22 1.26562e-10 6.80686e-12 1.75341e-11 3.74683e-12 1.39092e-28 -1.43316e-11 1.55718e-14 2.16965e-12 3.05489e-27 -6.76543e-13 -8.16085e-12 -5.5124e-11 3.63431e-27 2.07423e-11 -9.92615e-12 1.04664e-13 -4.50371e-12 9.93156e-15 1.90853e-12 1.77283e-18 -1.68997e-12 -1.70306e-12 2.42919e-16 -1.88466e-21 -8.66197e-13 1.83906e-21 9.21772e-12 6.92235e-13 -3.76488e-22 -2.74845e-11 1.00426e-10 -6.59072e-11 5.03028e-17 2.21472e-12 1.82362e-14 3.11228e-14 3.00231e-18 -5.9191e-12
0.719596  1.88416e-06 0 0 0 -9.2983e-36 -9.2983e-36 2.19525e-12 6.03307e-27 7.33524e-13 -2.71284e-10 7.48606e-11 1.18025e-26 -4.28808e-17 9.75877e-11 -9.0481e-22 1.26562e-10 6.80686e-12 1.75341e-11 3.74683e-12 1.39092e-28 -1.43316e-11 1.55718e-14 2.16965e-12 3.05489e-27 -6.76543e-13 -8.16085e-12 -5.5124e-11 3.63431e-27 2.07423e-11 -9.92615e-12 1.04664e-13 -4.50371e-12 9.93156e-15 1.90853e-12 1.77283e-18 -1.68997e-12 -1.70306e-12 2.42919e-16 -1.88466e-21 -8.66197e-13 1.83906e-21 9.21772e-12 6.92235e-13 -3.76488e-22 -2.74845e-11 1.00426e-10 -6.59072e-11 5.03028e-17 2.21472e-12 1.82362e-14 3.11228e-14 3.00231e-18 -5.9191e-12
0.748713  1.88416e-06 0 0 0 -8.58916e-36 -8.58916e-36 2.19525e-12 6.03307e-27 7.33524e-13 -2.71284e-10 7.48606e-11 1.18025e-26 0 9.75877e-11 -9.0481e-22 1.26562e-10 6.80686e-12 1.75341e-11 3.74683e-12 1.39092e-28 -1.43316e-11 1.55718e-14 2.16965e-12 3.05489e-27 -6.76543e-13 -8.16085e-12 -5.5124e-11 3.63431e-27 2.07423e-11 -9.92615e-12 1.04664e-13 -4.50371e-12 9.93156e-15 1.90853e-12 1.77283e-18 -1.68997e-12 -1.70306e-12 2.42919e-16 -1.88466e-21 -8.66197e-13 1.83906e-21 9.21772e-12 6.92235e-13 -3.76488e-22 -2.74845e-11 1.00426e-10 -6.59072e-11 5.03028e-17 2.21472e-12 1.82362e-14 3.11228e-14 3.00231e-18 -5.9191e-12
0.779007  1.88416e-06 0 0 0 7.9341e-36 7.9341e-36 2.19525e-12 6.03307e-27 7.33524e-13 -2.71284e-10 7.48606e-11 1.18025e-26 3.65896e-17 9.75877e-11 -9.0481e-22 1.26562e-10 6.80686e-12 1.75341e-11 3.74683e-12 1.39092e-28 -1.43316e-11 1.55718e-14 2.16965e-12 3.05489e-27 -6.76543e-13 -8.16085e-12 -5.5124e-11 3.63431e-27 2.07423e-11 -9.92615e-12 1.04664e-13 -4.50371e-12 9.93156e-15 1.90853e-12 1.77283e-18 -1.68997e-12 -1.70306e-12 2.42919e-16 -1.88466e-21 -8.66197e-13 1.83906e-21 9.21772e-12 6.92235e-13 -3.76488e-22 -2.74845e-11 1.00426e-10 -6.59072e-11 5.03028e-17 2.21472e-12 1.82362e-14 3.11228e-14 3.00231e-18 -5.9191e-12
0.810528  1.88416e-06 0 0 0 -3.6645e-36 -3.6645e-36 2.19525e-12 6.03307e-27 7.33524e-13 -2.71284e-10 7.48606e-11 1.18025e-26 -3.37991e-17 9.75877e-11 -9.0481e-22 1.26562e-10 6.80686e-12 1.75341e-11 3.74683e-12 1.39092e-28 -1.43316e-11 1.55718e-14 2.16965e-12 3.05489e-27 -6.76543e-13 -8.16085e-12 -5.5124e-11 3.63431e-27 2.07423e-11 -9.92615e-12 1.04664e-13 -4.50371e-12 9.93156e-15 1.90853e-12 1.77283e-18 -1.68997e-12 -1.70306e-12 2.42919e-16 -1.88466e-21 -8.66197e-13 1.83906e-21 9.21772e-12 6.92235e-13 -3.76488e-22 -2.74845e-11 1.00426e-10 -6.59072e-11 5.03028e-17 2.21472e-12 1.82362e-14 3.11228e-14 3.00231e-18 -5.9191e-12
0.843324  1.88416e-06 0 0 0 0 0 2.19525e-12 6.03307e-27 7.33524e-13 -2.71284e-10 7.48606e-11 1.18025e-26 0 9.75877e-11 -9.0481e-22 1.26562e-10 6.80686e-12 1.75341e-11 3.74683e-12 1.39092e-28 -1.43316e-11 1.55718e-14 2.16965e-12 3.05489e-27 -6.76543e-13 -8.16085e-12 -5.5124e-11 3.63431e-27 2.07423e-11 -9.92615e-12 1.04664e-13 -4.50371e-12 9.93156e-15 1.90853e-12 1.77283e-18 -1.68997e-12 -1.70306e-12 2.42919e-16 -1.88466e-21 -8.66197e-13 1.83906e-21 9.21772e-12 6.92235e-13 -3.76488e-22 -2.74845e-11 1.00426e-10 -6.59072e-11 5.03028e-17 2.21472e-12 1.82362e-14 3.11228e-14 3.00231e-18 -5.9191e-12
0.877447  1.88416e-06 0 0 0 0 0 2.19525e-12 6.03307e-27 7.33524e-13 -2.71284e-10 7.48606e-11 1.18025e-26 0 9.75877e-11 -9.0481e-22 1.26562e-10 6.80686e-12 1.75341e-11 3.74683e-12 1.39092e-28 -1.43316e-11 1.55718e-14 2.16965e-12 3.05489e-27 -6.76543e-13 -8.16085e-12 -5.5124e-11 3.63431e-27 2.07423e-11 -9.92615e-12 1.04664e-13 -4.50371e-12 9.93156e-15 1.90853e-12 1.77283e-18 -1.68997e-12 -1.70306e-12 2.42919e-16 -1.88466e-21 -8.66197e-13 1.83906e-21 9.21772e-12 6.92235e-13 -3.76488e-22 -2.74845e-11 1.00426e-10 -6.59072e-11 5.03028e-17 2.21472e-12 1.82362e-14 3.11228e-14 3.00231e-18 -5.9191e-12
0.91295  1.88416e-06 0 0 0 -2.8884e-36 -2.8884e-36 2.19525e-12 6.03307e-27 7.33524e-13 -2.71284e-10 7.48606e-11 1.18025e-26 -2.66408e-17 9.75877e-11 -9.0481e-22 1.26562e-10 6.80686e-12 1.75341e-11 3.74683e-12 1.39092e-28 -1.43316e-11 1.55718e-14 2.16965e-12 3.05489e-27 -6.76543e-13 -8.16085e-12 -5.5124e-11 3.63431e-27 2.07423e-11 -9.92615e-12 1.04664e-13 -4.50371e-12 9.93156e-15 1.90853e-12 1.77283e-18 -1.68997e-12 -1.70306e-12 2.42919e-16 -1.88466e-21 -8.66197e-13 1.83906e-21 9.21772e-12 6.92235e-13 -3.76488e-22 -2.74845e-11 1.00426e-10 -6.59072e-11 5.03028e-17 2.21472e-12 1.82362e-14 3.11228e-14 3.00231e-18 -5.9191e-12
0.94989  1.88416e-06 0 0 0 -2.66811e-36 -2.66811e-36 2.19525e-12 6.03307e-27 7.33524e-13 -2.71284e-10 7.48606e-11 1.18025e-26 -2.4609e-17 9.75877e-11 -9.0481e-22 1.26562e-10 6.80686e-12 1.75341e-11 3.74683e-12 1.39092e-28 -1.43316e-11 1.55718e-14 2.16965e-12 3.05489e-27 -6.76543e-13 -8.16085e-12 -5.5124e-11 3.63431e-27 2.07423e-11 -9.92615e-12 1.04664e-13 -4.50371e-12 9.93156e-15 1.90853e-12 1.77283e-18 -1.68997e-12 -1.70306e-12 2.42919e-16 -1.88466e-21 -8.66197e-13 1.83906e-21 9.21772e-12 6.92235e-13 -3.76488e-22 -2.74845e-11 1.00426e-10 -6.59072e-11 5.03028e-17 2.21472e-12 1.82362e-14 3.11228e-14 3.00231e-18 -5.9191e-12
0.988325  1.88416e-06 0 0 0 0 0 2.19525e-12 6.03307e-27 7.33524e-13 -2.71284e-10 7.48606e-11 1.18025e-26 -2.27322e-17 9.75877e-11 -9.0481e-22 1.26562e-10 6.80686e-12 1.75341e-11 3.74683e-12 1.39092e-28 -1.43316e-11 1.55718e-14 2.16965e-12 3.05489e-27 -6.76543e-13 -8.16085e-12 -5.5124e-11 3.63431e-27 2.07423e-11 -9.92615e-12 1.04664e-13 -4.50371e-12 9.93156e-15 1.90853e-12 1.77283e-18 -1.68997e-12 -1.70306e-12 2.42919e-16 -1.88466e-21 -8.66197e-13 1.83906e-21 9.21772e-12 6.92235e-13 -3.76488e-22 -2.74845e-11 1.00426e-10 -6.59072e-11 5.03028e-17 2.21472e-12 1.82362e-14 3.11228e-14 3.00231e-18 -5.9191e-12
1.02831  1.88416e-06 0 0 0 2.27666e-36 2.27666e-36 2.19525e-12 6.03307e-27 7.33524e-13 -2.71284e-10 7.48606e-11 1.18025e-26 2.09985e-17 9.75877e-11 -9.0481e-22 1.26562e-10 6.80686e-12 1.75341e-11 3.74683e-12 1.39092e-28 -1.43316e-11 1.55718e-14 2.16965e-12 3.05489e-27 -6.76543e-13 -8.16085e-12 -5.5124e-11 3.63431e-27 2.07423e-11 -9.92615e-12 1.04664e-13 -4.50371e-12 9.93156e-15 1.90853e-12 1.77283e-18 -1.68997e-12 -1.70306e-12 2.42919e-16 -1.88466e-21 -8.66197e-13 1.83906e-21 9.21772e-12 6.92235e-13 -3.76488e-22 -2.74845e-11 1.00426e-10 -6.59072e-11 5.03028e-17 2.21472e-12 1.82362e-14 3.11228e-14 3.00231e-18 -5.9191e-12
1.06992  1.88416e-06 0 0 0 2.10303e-36 2.10303e-36 2.19525e-12 6.03307e-27 7.33524e-13 -2.71284e-10 7.48606e-11 1.18025e-26 1.93971e-17 9.75877e-11 -9.0481e-22 1.26562e-10 6.80686e-12 1.75341e-11 3.74683e-12 1.39092e-28 -1.43316e-11 1.55718e-14 2.16965e-12 3.05489e-27 -6.76543e-13 -8.16085e-12 -5.5124e-11 3.63431e-27 2.07423e-11 -9.92615e-12 1.04664e-13 -4.50371e-12 9.93156e-15 1.90853e-12 1.77283e-18 -1.68997e-12 -1.70306e-12 2.42919e-16 -1.88466e-21 -8.66197e-13 1.83906e-21 9.21772e-12 6.92235e-13 -3.76488e-22 -2.74845e-11 1.00426e-10 -6.59072e-11 5.03028e-17 2.21472e-12 1.82362e-14 3.11228e-14 3.00231e-18 -5.9191e-12
1.11321  1.88416e-06 0 0 0 1.94264e-36 1.94264e-36 2.19525e-12 6.03307e-27 7.33524e-13 -2.71284e-10 7.48606e-11 1.18025e-26 1.79177e-17 9.75877e-11 -9.0481e-22 1.26562e-10 6.80686e-12 1.75341e-11 3.74683e-12 1.39092e-28 -1.43316e-11 1.55718e-14 2.16965e-12 3.05489e-27 -6.76543e-13 -8.16085e-12 -5.5124e-11 3.63431e-27 2.07423e-11 -9.92615e-12 1.04664e-13 -4.50371e-12 9.93156e-15 1.90853e-12 1.77283e-18 -1.68997e-12 -1.70306e-12 2.42919e-16 -1.88466e-21 -8.66197e-13 1.83906e-21 9.21772e-12 6.92235e-13 -3.76488e-22 -2.74845e-11 1.00426e-10 -6.59072e-11 5.03028e-17 2.21472e-12 1.82362e-14 3.11228e-14 3.00231e-18 -5.9191e-12
1.15826  1.88416e-06 0 0 0 0 0 2.19525e-12 6.03307e-27 7.33524e-13 -2.71284e-10 7.48606e-11 1.18025e-26 1.65512e-17 9.75877e-11 -9.0481e-22 1.26562e-10 6.80686e-12 1.75341e-11 3.74683e-12 1.39092e-28 -1.43316e-11 1.55718e-14 2.16965e-12 3.05489e-27 -6.76543e-13 -8.16085e-12 -5.5124e-11 3.63431e-27 2.07423e-11 -9.92615e-12 1.04664e-13 -4.50371e-12 9.93156e-15 1.90853e-12 1.77283e-18 -1.68997e-12 -1.70306e-12 2.42919e-16 -1.88466e-21 -8.66197e-13 1.83906e-21 9.21772e-12 6.92235e-13 -3.76488e-22 -2.74845e-11 1.00426e-10 -6.59072e-11 5.03028e-17 2.21472e-12 1.82362e-14 3.11228e-14 3.00231e-18 -5.9191e-12
1.20512  1.88416e-06 0 0 0 0 0 2.19525e-12 6.03307e-27 7.33524e-13 -2.71284e-10 7.48606e-11 1.18025e-26 0 9.75877e-11 -9.0481e-22 1.26562e-10 6.80686e-12 1.75341e-11 3.74683e-12 1.39092e-28 -1.43316e-11 1.55718e-14 2.16965e-12 3.05489e-27 -6.76543e-13 -8.16085e-12 -5.5124e-11 3.63431e-27 2.07423e-11 -9.92615e-12 1.04664e-13 -4.50371e-12 9.93156e-15 1.90853e-12 1.77283e-18 -1.68997e-12 -1.70306e-12 2.42919e-16 -1.88466e-21 -8.66197e-13 1.83906e-21 9.21772e-12 6.92235e-13 -3.76488e-22 -2.74845e-11 1.00426e-10 -6.59072e-11 5.03028e-17 2.21472e-12 1.82362e-14 3.11228e-14 3.00231e-18 -5.9191e-12
1.25389  1.88416e-06 0 0 0 1.53121e-36 1.53121e-36 2.19525e-12 6.03307e-27 7.33524e-13 -2.71284e-10 7.48606e-11 1.18025e-26 1.41229e-17 9.75877e-11 -9.0481e-22 1.26562e-10 6.80686e-12 1.75341e-11 3.74683e-12 1.39092e-28 -1.43316e-11 1.55718e-14 2.16965e-12 3.05489e-27 -6.76543e-13 -8.16085e-12 -5.5124e-11 3.63431e-27 2.07423e-11 -9.92615e-12 1.04664e-13 -4.50371e-12 9.93156e-15 1.90853e-12 1.77283e-18 -1.68997e-12 -1.70306e-12 2.42919e-16 -1.88466e-21 -8.66197e-13 1.83906e-21 9.21772e-12 6.92235e-13 -3.76488e-22 -2.74845e-11 1.00426e-10 -6.59072e-11 5.03028e-17 2.21472e-12 1.82362e-14 3.11228e-14 3.00231e-18 -5.9191e-12
1.30462  1.88416e-06 0 0 0 -1.41443e-36 -1.41443e-36 2.19525e-12 6.03307e-27 7.33524e-13 -2.71284e-10 7.48606e-11 1.18025e-26 -6.52292e-18 9.75877e-11 -9.0481e-22 1.26562e-10 6.80686e-12 1.75341e-11 3.74683e-12 1.39092e-28 -1.43316e-11 1.55718e-14 2.16965e-12 3.05489e-27 -6.76543e-13 -8.16085e-12 -5.5124e-11 3.63431e-27 2.07423e-11 -9.92615e-12 1.04664e-13 -4.50371e-12 9.93156e-15 1.90853e-12 1.77283e-18 -1.68997e-12 -1.70306e-12 2.42919e-16 -1.88466e-21 -8.66197e-13 1.83906e-21 9.21772e-12 6.92235e-13 -3.76488e-22 -2.74845e-11 1.00426e-10 -6.59072e-11 5.03028e-17 2.21472e-12 1.82362e-14 3.11228e-14 3.00231e-18 -5.9191e-12
1.35741  1.88416e-06 0 0 0 0 0 2.19525e-12 6.03307e-27 7.33524e-13 -2.71284e-10 7.48606e-11 1.18025e-26 6.02545e-18 9.75877e-11 -9.0481e-22 1.26562e-10 6.80686e-12 1.75341e-11 3.74683e-12 1.39092e-28 -1.43316e-11 1.55718e-14 2.16965e-12 3.05489e-27 -6.76543e-13 -8.16085e-12 -5.5124e-11 3.63431e-27 2.07423e-11 -9.92615e-12 1.04664e-13 -4.50371e-12 9.93156e-15 1.90853e-12 1.77283e-18 -1.68997e-12 -1.70306e-12 2.42919e-16 -1.88466e-21 -8.66197e-13 1.83906e-21 9.21772e-12 6.92235e-13 -3.76488e-22 -2.74845e-11 1.00426e-10 -6.59072e-11 5.03028e-17 2.21472e-12 1.82362e-14 3.11228e-14 3.00231e-18 -5.9191e-12
1.41233  1.88416e-06 0 0 0 0 0 2.19525e-12 6.03307e-27 7.33524e-13 -2.71284e-10 7.48606e-11 1.18025e-26 -5.56591e-18 9.75877e-11 -9.0481e-22 1.26562e-10 6.80686e-12 1.75341e-11 3.74683e-12 1.39092e-28 -1.43316e-11 1.55718e-14 2.16965e-12 3.05489e-27 -6.76543e-13 -8.16085e-12 -5.5124e-11 3.63431e-27 2.07423e-11 -9.92615e-12 1.04664e-13 -4.50371e-12 9.93156e-15 1.90853e-12 1.77283e-18 -1.68997e-12 -1.70306e-12 2.42919e-16 -1.88466e-21 -8.66197e-13 1.83906e-21 9.21772e-12 6.92235e-13 -3.76488e-22 -2.74845e-11 1.00426e-10 -6.59072e-11 5.03028e-17 2.21472e-12 1.82362e-14 3.11228e-14 3.00231e-18 -5.9191e-12
1.46948  1.88416e-06 0 0 0 1.11487e-36 1.11487e-36 2.19525e-12 6.03307e-27 7.33524e-13 -2.71284e-10 7.48606e-11 1.18025e-26 5.14143e-18 9.75877e-11 -9.0481e-22 1.26562e-10 6.80686e-12 1.75341e-11 3.74683e-12 1.39092e-28 -1.43316e-11 1.55718e-14 2.16965e-12 3.05489e-27 -6.76543e-13 -8.16085e-12 -5.5124e-11 3.63431e-27 2.07423e-11 -9.92615e-12 1.04664e-13 -4.50371e-12 9.93156e-15 1.90853e-12 1.77283e-18 -1.68997e-12 -1.70306e-12 2.42919e-16 -1.88466e-21 -8.66197e-13 1.83906e-21 9.21772e-12 6.92235e-13 -3.76488e-22 -2.74845e-11 1.00426e-10 -6.59072e-11 5.03028e-17 2.21472e-12 1.82362e-14 3.11228e-14 3.00231e-18 -5.9191e-12
1.52894  1.88416e-06 0 0 0 0 0 2.19525e-12 6.03307e-27 7.33524e-13 -2.71284e-10 7.48606e-11 1.18025e-26 -4.74932e-18 9.75877e-11 -9.0481e-22 1.26562e-10 6.80686e-12 1.75341e-11 3.74683e-12 1.39092e-28 -1.43316e-11 1.55718e-14 2.16965e-12 3.05489e-27 -6.76543e-13 -8.16085e-12 -5.5124e-11 3.63431e-27 2.07423e-11 -9.92615e-12 1.04664e-13 -4.50371e-12 9.93156e-15 1.90853e-12 1.77283e-18 -1.68997e-12 -1.70306e-12 2.42919e-16 -1.88466e-21 -8.66197e-13 1.83906e-21 9.21772e-12 6.92235e-13 -3.76488e-22 -2.74845e-11 1.00426e-10 -6.59072e-11 5.03028e-17 2.21472e-12 1.82362e-14 3.11228e-14 3.00231e-18 -5.9191e-12
1.5908  1.88416e-06 0 0 0 -4.75651e-37 -4.75651e-37 2.19525e-12 6.03307e-27 7.33524e-13 -2.71284e-10 7.48606e-11 1.18025e-26 -4.38711e-18 9.75877e-11 -9.0481e-22 1.26562e-10 6.80686e-12 1.75341e-11 3.74683e-12 1.39092e-28 -1.43316e-11 1.55718e-14 2.16965e-12 3.05489e-27 -6.76543e-13 -8.16085e-12 -5.5124e-11 3.63431e-27 2.07423e-11 -9.92615e-12 1.04664e-13 -4.50371e-12 9.93156e-15 1.90853e-12 1.77283e-18 -1.68997e-12 -1.70306e-12 2.42919e-16 -1.88466e-21 -8.66197e-13 1.83906e-21 9.21772e-12 6.92235e-13 -3.76488e-22 -2.74845e-11 1.00426e-10 -6.59072e-11 5.03028e-17 2.21472e-12 1.82362e-14 3.11228e-14 3.00231e-18 -5.9191e-12
1.65517  1.88416e-06 0 0 0 -4.39375e-37 -4.39375e-37 2.19525e-12 6.03307e-27 7.33524e-13 -2.71284e-10 7.48606e-11 1.18025e-26 -4.05252e-18 9.75877e-11 -9.0481e-22 1.26562e-10 6.80686e-12 1.75341e-11 3.74683e-12 1.39092e-28 -1.43316e-11 1.55718e-14 2.16965e-12 3.05489e-27 -6.76543e-13 -8.16085e-12 -5.5124e-11 3.63431e-27 2.07423e-11 -9.92615e-12 1.04664e-13 -4.50371e-12 9.93156e-15 1.90853e-12 1.77283e-18 -1.68997e-12 -1.70306e-12 2.42919e-16 -1.88466e-21 -8.66197e-13 1.83906e-21 9.21772e-12 6.92235e-13 -3.76488e-22 -2.74845e-11 1.00426e-10 -6.59072e-11 5.03028e-17 2.21472e-12 1.82362e-14 3.11228e-14 3.00231e-18 -5.9191e-12
1.72214  1.88416e-06 0 0 0 4.05866e-37 4.05866e-37 2.19525e-12 6.03307e-27 7.33524e-13 -2.71284e-10 7.48606e-11 1.18025e-26 0 9.75877e-11 -9.0481e-22 1.26562e-10 6.80686e-12 1.75341e-11 3.74683e-12 1.39092e-28 -1.43316e-11 1.55718e-14 2.16965e-12 3.05489e-27 -6.76543e-13 -8.16085e-12 -5.5124e-11 3.63431e-27 2.07423e-11 -9.92615e-12 1.04664e-13 -4.50371e-12 9.93156e-15 1.90853e-12 1.77283e-18 -1.68997e-12 -1.70306e-12 2.42919e-16 -1.88466e-21 -8.66197e-13 1.83906e-21 9.21772e-12 6.92235e-13 -3.76488e-22 -2.74845e-11 1.00426e-10 -6.59072e-11 5.03028e-17 2.21472e-12 1.82362e-14 3.11228e-14 3.00231e-18 -5.9191e-12
1.79182  1.88416e-06 0 0 0 3.74913e-37 3.74913e-37 2.19525e-12 6.03307e-27 7.33524e-13 -2.71284e-10 7.48606e-11 1.18025e-26 3.45796e-18 9.75877e-11 -9.0481e-22 1.26562e-10 6.80686e-12 1.75341e-11 3.74683e-12 1.39092e-28 -1.43316e-11 1.55718e-14 2.16965e-12 3.05489e-27 -6.76543e-13 -8.16085e-12 -5.5124e-11 3.63431e-27 2.07423e-11 -9.92615e-12 1.04664e-13 -4.50371e-12 9.93156e-15 1.90853e-12 1.77283e-18 -1.68997e-12 -1.70306e-12 2.42919e-16 -1.88466e-21 -8.66197e-13 1.83906e-21 9.21772e-12 6.92235e-13 -3.76488e-22 -2.74845e-11 1.00426e-10 -6.59072e-11 5.03028e-17 2.21472e-12 1.82362e-14 3.11228e-14 3.00231e-18 -5.9191e-12
1.86433  1.88416e-06 0 0 0 3.4632e-37 3.4632e-37 2.19525e-12 6.03307e-27 7.33524e-13 -2.71284e-10 7.48606e-11 1.18025e-26 0 9.75877e-11 -9.0481e-22 1.26562e-10 6.80686e-12 1.75341e-11 3.74683e-12 1.39092e-28 -1.43316e-11 1.55718e-14 2.16965e-12 3.05489e-27 -6.76543e-13 -8.16085e-12 -5.5124e-11 3.63431e-27 2.07423e-11 -9.92615e-12 1.04664e-13 -4.50371e-12 9.93156e-15 1.90853e-12 1.77283e-18 -1.68997e-12 -1.70306e-12 2.42919e-16 -1.88466e-21 -8.66197e-13 1.83906e-21 9.21772e-12 6.92235e-13 -3.76488e-22 -2.74845e-11 1.00426e-10 -6.59072e-11 5.03028e-17 2.21472e-12 1.82362e-14 3.11228e-14 3.00231e-18 -5.9191e-12
1.93976  1.88416e-06 0 0 0 3.19908e-37 3.19908e-37 2.19525e-12 6.03307e-27 7.33524e-13 -2.71284e-10 7.48606e-11 1.18025e-26 0 9.75877e-11 -9.0481e-22 1.26562e-10 6.80686e-12 1.75341e-11 3.74683e-12 1.39092e-28 -1.43316e-11 1.55718e-14 2.16965e-12 3.05489e-27 -6.76543e-13 -8.16085e-12 -5.5124e-11 3.63431e-27 2.07423e-11 -9.92615e-12 1.04664e-13 -4.50371e-12 9.93156e-15 1.90853e-12 1.77283e-18 -1.68997e-12 -1.70306e-12 2.42919e-16 -1.88466e-21 -8.66197e-13 1.83906e-21 9.21772e-12 6.92235e-13 -3.76488e-22 -2.74845e-11 1.00426e-10 -6.59072e-11 5.03028e-17 2.21472e-12 1.82362e-14 3.11228e-14 3.00231e-18 -5.9191e-12
2.01825  1.88416e-06 0 0 0 0 0 2.19525e-12 6.03307e-27 7.33524e-13 -2.71284e-10 7.48606e-11 1.18025e-26 0 9.75877e-11 -9.0481e-22 1.26562e-10 6.80686e-12 1.75341e-11 3.74683e-12 1.39092e-28 -1.43316e-11 1.55718e-14 2.16965e-12 3.05489e-27 -6.76543e-13 -8.16085e-12 -5.5124e-11 3.63431e-27 2.07423e-11 -9.92615e-12 1.04664e-13 -4.50371e-12 9.93156e-15 1.90853e-12 1.77283e-18 -1.68997e-12 -1.70306e-12 2.42919e-16 -1.88466e-21 -8.66197e-13 1.83906e-21 9.21772e-12 6.92235e-13 -3.76488e-22 -2.74845e-11 1.00426e-10 -6.59072e-11 5.03028e-17 2.21472e-12 1.82362e-14 3.11228e-14 3.00231e-18 -5.9191e-12
2.09991  1.88416e-06 0 0 0 0 0 2.19525e-12 6.03307e-27 7.33524e-13 -2.71284e-10 7.48606e-11 1.18025e-26 0 9.75877e-11 -9.0481e-22 1.26562e-10 6.80686e-12 1.75341e-11 3.74683e-12 1.39092e-28 -1.43316e-11 1.55718e-14 2.16965e-12 3.05489e-27 -6.76543e-13 -8.16085e-12 -5.5124e-11 3.63431e-27 2.07423e-11 -9.92615e-12 1.04664e-13 -4.50371e-12 9.93156e-15 1.90853e-12 1.77283e-18 -1.68997e-12 -1.70306e-12 2.42919e-16 -1.88466e-21 -8.66197e-13 1.83906e-21 9.21772e-12 6.92235e-13 -3.76488e-22 -2.74845e-11 1.00426e-10 -6.59072e-11 5.03028e-17 2.21472e-12 1.82362e-14 3.11228e-14 3.00231e-18 -5.9191e-12
2.18488  1.88416e-06 0 0 0 2.52154e-37 2.52154e-37 2.19525e-12 6.03307e-27 7.33524e-13 -2.71284e-10 7.48606e-11 1.18025e-26 0 9.75877e-11 -9.0481e-22 1.26562e-10 6.80686e-12 1.75341e-11 3.74683e-12 1.39092e-28 -1.43316e-11 1.55718e-14 2.16965e-12 3.05489e-27 -6.76543e-13 -8.16085e-12 -5.5124e-11 3.63431e-27 2.07423e-11 -9.92615e-12 1.04664e-13 -4.50371e-12 9.93156e-15 1.90853e-12 1.77283e-18 -1.68997e-12 -1.70306e-12 2.42919e-16 -1.88466e-21 -8.66197e-13 1.83906e-21 9.21772e-12 6.92235e-13 -3.76488e-22 -2.74845e-11 1.00426e-10 -6.59072e-11 5.03028e-17 2.21472e-12 1.82362e-14 3.11228e-14 3.00231e-18 -5.9191e-12
2.27328  1.88416e-06 0 0 0 0 0 2.19525e-12 6.03307e-27 7.33524e-13 -2.71284e-10 7.48606e-11 1.18025e-26 -2.14834e-18 9.75877e-11 -9.0481e-22 1.26562e-10 6.80686e-12 1.75341e-11 3.74683e-12 1.39092e-28 -1.43316e-11 1.55718e-14 2.16965e-12 3.05489e-27 -6.76543e-13 -8.16085e-12 -5.5124e-11 3.63431e-27 2.07423e-11 -9.92615e-12 1.04664e-13 -4.50371e-12 9.93156e-15 1.90853e-12 1.77283e-18 -1.68997e-12 -1.70306e-12 2.42919e-16 -1.88466e-21 -8.66197e-13 1.83906e-21 9.21772e-12 6.92235e-13 -3.76488e-22 -2.74845e-11 1.00426e-10 -6.59072e-11 5.03028e-17 2.21472e-12 1.82362e-14 3.11228e-14 3.00231e-18 -5.9191e-12
2.36527  1.88416e-06 0 0 0 2.1516e-37 2.1516e-37 2.19525e-12 6.03307e-27 7.33524e-13 -2.71284e-10 7.48606e-11 1.18025e-26 1.9845e-18 9.75877e-11 -9.0481e-22 1.26562e-10 6.80686e-12 1.75341e-11 3.74683e-12 1.39092e-28 -1.43316e-11 1.55718e-14 2.16965e-12 3.05489e-27 -6.76543e-13 -8.16085e-12 -5.5124e-11 3.63431e-27 2.07423e-11 -9.92615e-12 1.04664e-13 -4.50371e-12 9.93156e-15 1.90853e-12 1.77283e-18 -1.68997e-12 -1.70306e-12 2.42919e-16 -1.88466e-21 -8.66197e-13 1.83906e-21 9.21772e-12 6.92235e-13 -3.76488e-22 -2.74845e-11 1.00426e-10 -6.59072e-11 5.03028e-17 2.21472e-12 1.82362e-14 3.11228e-14 3.00231e-18 -5.9191e-12
2.46097  1.88416e-06 0 0 0 0 0 2.19525e-12 6.03307e-27 7.33524e-13 -2.71284e-10 7.48606e-11 1.18025e-26 0 9.75877e-11 -9.0481e-22 1.26562e-10 6.80686e-12 1.75341e-11 3.74683e-12 1.39092e-28 -1.43316e-11 1.55718e-14 2.16965e-12 3.05489e-27 -6.76543e-13 -8.16085e-12 -5.5124e-11 3.63431e-27 2.07423e-11 -9.92615e-12 1.04664e-13 -4.50371e-12 9.93156e-15 1.90853e-12 1.77283e-18 -1.68997e-12 -1.70306e-12 2.42919e-16 -1.88466e-21 -8.66197e-13 1.83906e-21 9.21772e-12 6.92235e-13 -3.76488e-22 -2.74845e-11 1.00426e-10 -6.59072e-11 5.03028e-17 2.21472e-12 1.82362e-14 3.11228e-14 3.00231e-18 -5.9191e-12
2.56055  1.88416e-06 0 0 0 0 0 2.19525e-12 6.03307e-27 7.33524e-13 -2.71284e-10 7.48606e-11 1.18025e-26 0 9.75877e-11 -9.0481e-22 1.26562e-10 6.80686e-12 1.75341e-11 3.74683e-12 1.39092e-28 -1.43316e-11 1.55718e-14 2.16965e-12 3.05489e-27 -6.76543e-13 -8.16085e-12 -5.5124e-11 3.63431e-27 2.07423e-11 -9.92615e-12 1.04664e-13 -4.50371e-12 9.93156e-15 1.90853e-12 1.77283e-18 -1.68997e-12 -1.70306e-12 2.42919e-16 -1.88466e-21 -8.66197e-13 1.83906e-21 9.21772e-12 6.92235e-13 -3.76488e-22 -2.74845e-11 1.00426e-10 -6.59072e-11 5.03028e-17 2.21472e-12 1.82362e-14 3.11228e-14 3.00231e-18 -5.9191e-12
2.66415  1.88416e-06 0 0 0 0 0 2.19525e-12 6.03307e-27 7.33524e-13 -2.71284e-10 7.48606e-11 1.18025e-26 7.821e-19 9.75877e-11 -9.0481e-22 1.26562e-10 6.80686e-12 1.75341e-11 3.74683e-12 1.39092e-28 -1.43316e-11 1.55718e-14 2.16965e-12 3.05489e-27 -6.76543e-13 -8.16085e-12 -5.5124e-11 3.63431e-27 2.07423e-11 -9.92615e-12 1.04664e-13 -4.50371e-12 9.93156e-15 1.90853e-12 1.77283e-18 -1.68997e-12 -1.70306e-12 2.42919e-16 -1.88466e-21 -8.66197e-13 1.83906e-21 9.21772e-12 6.92235e-13 -3.76488e-22 -2.74845e-11 1.00426e-10 -6.59072e-11 5.03028e-17 2.21472e-12 1.82362e-14 3.11228e-14 3.00231e-18 -5.9191e-12
2.77195  1.88416e-06 0 0 0 0 0 2.19525e-12 6.03307e-27 7.33524e-13 -2.71284e-10 7.48606e-11 1.18025e-26 0 9.75877e-11 -9.0481e-22 1.26562e-10 6.80686e-12 1.75341e-11 3.74683e-12 1.39092e-28 -1.43316e-11 1.55718e-14 2.16965e-12 3.05489e-27 -6.76543e-13 -8.16085e-12 -5.5124e-11 3.63431e-27 2.07423e-11 -9.92615e-12 1.04664e-13 -4.50371e-12 9.93156e-15 1.90853e-12 1.77283e-18 -1.68997e-12 -1.70306e-12 2.42919e-16 -1.88466e-21 -8.66197e-13 1.83906e-21 9.21772e-12 6.92235e-13 -3.76488e-22 -2.74845e-11 1.00426e-10 -6.59072e-11 5.03028e-17 2.21472e-12 1.82362e-14 3.11228e-14 3.00231e-18 -5.9191e-12
2.88411  1.88416e-06 0 0 0 -1.44709e-37 -1.44709e-37 2.19525e-12 6.03307e-27 7.33524e-13 -2.71284e-10 7.48606e-11 1.18025e-26 -6.67355e-19 9.75877e-11 -9.0481e-22 1.26562e-10 6.80686e-12 1.75341e-11 3.74683e-12 1.39092e-28 -1.43316e-11 1.55718e-14 2.16965e-12 3.05489e-27 -6.76543e-13 -8.16085e-12 -5.5124e-11 3.63431e-27 2.07423e-11 -9.92615e-12 1.04664e-13 -4.50371e-12 9.93156e-15 1.90853e-12 1.77283e-18 -1.68997e-12 -1.70306e-12 2.42919e-16 -1.88466e-21 -8.66197e-13 1.83906e-21 9.21772e-12 6.92235e-13 -3.76488e-22 -2.74845e-11 1.00426e-10 -6.59072e-11 5.03028e-17 2.21472e-12 1.82362e-14 3.11228e-14 3.00231e-18 -5.9191e-12
3.00081  1.88416e-06 0 0 0 0 0 2.19525e-12 6.03307e-27 7.33524e-13 -2.71284e-10 7.48606e-11 1.18025e-26 0 9.75877e-11 -9.0481e-22 1.26562e-10 6.80686e-12 1.75341e-11 3.74683e-12 1.39092e-28 -1.43316e-11 1.55718e-14 2.16965e-12 3.05489e-27 -6.76543e-13 -8.16085e-12 -5.5124e-11 3.63431e-27 2.07423e-11 -9.92615e-12 1.04664e-13 -4.50371e-12 9.93156e-15 1.90853e-12 1.77283e-18 -1.68997e-12 -1.70306e-12 2.42919e-16 -1.88466e-21 -8.66197e-13 1.83906e-21 9.21772e-12 6.92235e-13 -3.76488e-22 -2.74845e-11 1.00426e-10 -6.59072e-11 5.03028e-17 2.21472e-12 1.82362e-14 3.11228e-14 3.00231e-18 -5.9191e-12
3.12223  1.88416e-06 0 0 0 0 0 2.19525e-12 6.03307e-27 7.33524e-13 -2.71284e-10 7.48606e-11 1.18025e-26 0 9.75877e-11 -9.0481e-22 1.26562e-10 6.80686e-12 1.75341e-11 3.74683e-12 1.39092e-28 -1.43316e-11 1.55718e-14 2.16965e-12 3.05489e-27 -6.76543e-13 -8.16085e-12 -5.5124e-11 3.63431e-27 2.07423e-11 -9.92615e-12 1.04664e-13 -4.50371e-12 9.93156e-15 1.90853e-12 1.77283e-18 -1.68997e-12 -1.70306e-12 2.42919e-16 -1.88466e-21 -8.66197e-13 1.83906e-21 9.21772e-12 6.92235e-13 -3.76488e-22 -2.74845e-11 1.00426e-10 -6.59072e-11 5.03028e-17 2.21472e-12 1.82362e-14 3.11228e-14 3.00231e-18 -5.9191e-12
3.24856  1.88416e-06 0 0 0 0 0 2.19525e-12 6.03307e-27 7.33524e-13 -2.71284e-10 7.48606e-11 1.18025e-26 0 9.75877e-11 -9.0481e-22 1.26562e-10 6.80686e-12 1.75341e-11 3.74683e-12 1.39092e-28 -1.43316e-11 1.55718e-14 2.16965e-12 3.05489e-27 -6.76543e-13 -8.16085e-12 -5.5124e-11 3.63431e-27 2.07423e-11 -9.92615e-12 1.04664e-13 -4.50371e-12 9.93156e-15 1.90853e-12 1.77283e-18 -1.68997e-12 -1.70306e-12 2.42919e-16 -1.88466e-21 -8.66197e-13 1.83906e-21 9.21772e-12 6.92235e-13 -3.76488e-22 -2.74845e-11 1.00426e-10 -6.59072e-11 5.03028e-17 2.21472e-12 1.82362e-14 3.11228e-14 3.00231e-18 -5.9191e-12
3.38  1.88416e-06 0 0 0 0 0 2.19525e-12 6.03307e-27 7.33524e-13 -2.71284e-10 7.48606e-11 1.18025e-26 0 9.75877e-11 -9.0481e-22 1.26562e-10 6.80686e-12 1.75341e-11 3.74683e-12 1.39092e-28 -1.43316e-11 1.55718e-14 2.16965e-12 3.05489e-27 -6.76543e-13 -8.16085e-12 -5.5124e-11 3.63431e-27 2.07423e-11 -9.92615e-12 1.04664e-13 -4.50371e-12 9.93156e-15 1.90853e-12 1.77283e-18 -1.68997e-12 -1.70306e-12 2.42919e-16 -1.88466e-21 -8.66197e-13 1.83906e-21 9.21772e-12 6.92235e-13 -3.76488e-22 -2.74845e-11 1.00426e-10 -6.59072e-11 5.03028e-17 2.21472e-12 1.82362e-14 3.11228e-14 3.00231e-18 -5.9191e-12
3.51677  1.88416e-06 0 0 0 0 0 2.19525e-12 6.03307e-27 7.33524e-13 -2.71284e-10 7.48606e-11 1.18025e-26 0 9.75877e-11 -9.0481e-22 1.26562e-10 6.80686e-12 1.75341e-11 3.74683e-12 1.39092e-28 -1.43316e-11 1.55718e-14 2.16965e-12 3.05489e-27 -6.76543e-13 -8.16085e-12 -5.5124e-11 3.63431e-27 2.07423e-11 -9.92615e-12 1.04664e-13 -4.50371e-12 9.93156e-15 1.90853e-12 1.77283e-18 -1.68997e-12 -1.70306e-12 2.42919e-16 -1.88466e-21 -8.66197e-13 1.83906e-21 9.21772e-12 6.92235e-13 -3.76488e-22 -2.74845e-11 1.00426e-10 -6.59072e-11 5.03028e-17 2.21472e-12 1.82362e-14 3.11228e-14 3.00231e-18 -5.9191e-12
3.65906  0 0 0 0 0 0 0 0 0 0 0 0 0 0 0 0 0 0 0 0 0 0 0 0 0 0 0 0 0 0 0 0 0 0 0 0 0 0 0 0 0 0 0 0 0 0 0 0 0 0 0 0 0
